30 200
1 4
1 5
1 8
1 9
1 10
1 11
1 14
1 15
1 17
1 20
1 22
1 23
1 24
1 25
1 27
1 30
2 3
2 4
2 5
2 10
2 11
2 13
2 14
2 22
2 25
2 26
2 28
3 4
3 5
3 6
3 8
3 9
3 10
3 12
3 14
3 17
3 18
3 19
3 22
3 23
3 26
3 27
3 29
3 30
4 5
4 6
4 7
4 10
4 12
4 13
4 14
4 17
4 19
4 20
4 26
4 27
4 28
4 30
5 7
5 9
5 10
5 11
5 12
5 13
5 15
5 17
5 18
5 19
5 21
5 23
5 24
5 26
5 28
5 29
5 30
6 7
6 14
6 16
6 19
6 20
6 22
6 23
6 24
6 25
6 30
7 8
7 9
7 12
7 13
7 15
7 19
7 20
7 25
7 30
8 10
8 11
8 13
8 14
8 15
8 16
8 22
8 25
8 28
9 10
9 17
9 19
9 21
9 28
9 29
9 30
10 14
10 15
10 16
10 17
10 18
10 21
10 28
11 12
11 13
11 15
11 16
11 17
11 20
11 22
11 24
11 26
11 29
11 30
12 15
12 16
12 18
12 22
12 23
12 24
12 25
12 26
12 28
12 30
13 14
13 15
13 18
13 23
13 24
13 29
13 30
14 17
14 18
14 20
14 24
14 25
14 26
14 28
14 30
15 21
15 23
15 26
15 27
15 28
15 30
16 17
16 19
16 20
16 22
16 23
16 24
16 25
16 27
17 20
17 21
17 23
17 24
18 24
18 26
18 27
19 23
19 24
19 25
19 26
19 30
20 26
20 27
20 29
21 22
21 23
21 25
21 27
21 30
22 25
23 24
23 27
23 29
23 30
24 25
24 28
24 30
25 28
25 30
26 29
26 30
28 29
