100 2452
1 4
1 7
1 8
1 9
1 12
1 15
1 17
1 19
1 20
1 21
1 25
1 29
1 30
1 31
1 34
1 35
1 36
1 38
1 39
1 43
1 44
1 46
1 50
1 51
1 53
1 55
1 57
1 59
1 61
1 64
1 65
1 68
1 70
1 71
1 74
1 76
1 77
1 80
1 82
1 87
1 89
1 92
1 93
1 94
1 98
2 9
2 11
2 15
2 18
2 19
2 22
2 26
2 27
2 28
2 36
2 37
2 45
2 46
2 48
2 55
2 58
2 59
2 62
2 63
2 65
2 71
2 73
2 74
2 75
2 76
2 80
2 81
2 85
2 87
2 88
2 89
2 98
2 100
3 6
3 7
3 8
3 9
3 10
3 12
3 13
3 15
3 17
3 18
3 20
3 21
3 35
3 37
3 39
3 40
3 42
3 43
3 49
3 53
3 54
3 55
3 57
3 59
3 61
3 63
3 64
3 65
3 67
3 68
3 69
3 70
3 71
3 73
3 75
3 77
3 78
3 80
3 81
3 82
3 83
3 84
3 89
3 90
3 91
3 100
4 6
4 12
4 13
4 14
4 16
4 18
4 19
4 21
4 22
4 23
4 24
4 25
4 26
4 27
4 28
4 29
4 37
4 38
4 39
4 41
4 43
4 44
4 45
4 48
4 53
4 54
4 55
4 58
4 61
4 64
4 66
4 68
4 70
4 72
4 73
4 76
4 77
4 78
4 81
4 82
4 83
4 84
4 87
4 92
4 93
4 94
4 95
4 96
4 98
4 100
5 6
5 8
5 11
5 13
5 15
5 18
5 19
5 20
5 21
5 22
5 24
5 26
5 27
5 28
5 31
5 32
5 33
5 34
5 38
5 39
5 40
5 43
5 45
5 47
5 51
5 54
5 57
5 58
5 59
5 63
5 65
5 70
5 71
5 72
5 73
5 75
5 77
5 78
5 79
5 80
5 83
5 85
5 87
5 90
5 91
5 95
5 97
5 98
5 99
5 100
6 8
6 11
6 12
6 14
6 16
6 17
6 22
6 23
6 27
6 29
6 31
6 40
6 41
6 44
6 46
6 47
6 48
6 54
6 56
6 58
6 60
6 61
6 62
6 63
6 64
6 67
6 70
6 73
6 75
6 82
6 83
6 84
6 86
6 87
6 88
6 89
6 95
6 96
6 97
6 98
6 100
7 8
7 10
7 12
7 15
7 16
7 17
7 18
7 19
7 20
7 21
7 22
7 23
7 25
7 29
7 30
7 31
7 32
7 36
7 37
7 40
7 43
7 44
7 50
7 52
7 53
7 55
7 60
7 61
7 66
7 67
7 74
7 77
7 79
7 83
7 84
7 85
7 87
7 90
7 92
7 93
7 94
7 95
7 100
8 9
8 11
8 12
8 15
8 17
8 20
8 22
8 24
8 31
8 33
8 34
8 36
8 39
8 40
8 42
8 46
8 47
8 50
8 52
8 53
8 56
8 59
8 60
8 61
8 62
8 65
8 66
8 67
8 70
8 71
8 73
8 74
8 75
8 77
8 79
8 80
8 81
8 83
8 89
8 90
8 92
8 93
8 94
8 95
8 96
8 100
9 10
9 12
9 14
9 17
9 19
9 20
9 21
9 23
9 25
9 36
9 37
9 38
9 39
9 40
9 41
9 42
9 44
9 45
9 46
9 51
9 53
9 55
9 56
9 57
9 58
9 62
9 63
9 65
9 69
9 70
9 73
9 74
9 75
9 76
9 78
9 83
9 84
9 88
9 94
9 96
9 97
9 98
9 99
9 100
10 13
10 14
10 16
10 17
10 18
10 19
10 20
10 21
10 23
10 25
10 27
10 28
10 30
10 36
10 38
10 40
10 43
10 45
10 48
10 50
10 53
10 58
10 60
10 61
10 66
10 67
10 68
10 71
10 72
10 73
10 74
10 76
10 77
10 82
10 84
10 85
10 88
10 89
10 90
10 95
10 100
11 15
11 16
11 18
11 19
11 20
11 23
11 24
11 25
11 27
11 30
11 31
11 34
11 37
11 39
11 40
11 42
11 43
11 47
11 48
11 49
11 52
11 54
11 55
11 57
11 61
11 62
11 63
11 64
11 65
11 67
11 70
11 71
11 74
11 75
11 76
11 77
11 78
11 79
11 82
11 84
11 88
11 91
11 93
11 94
11 96
11 98
11 100
12 17
12 18
12 22
12 23
12 27
12 28
12 29
12 30
12 35
12 37
12 39
12 40
12 41
12 45
12 46
12 47
12 48
12 49
12 50
12 51
12 52
12 57
12 59
12 60
12 61
12 62
12 63
12 65
12 66
12 68
12 69
12 73
12 74
12 75
12 76
12 80
12 81
12 83
12 88
12 89
12 90
12 91
12 94
12 96
12 97
12 99
12 100
13 14
13 15
13 16
13 17
13 22
13 26
13 27
13 28
13 31
13 36
13 38
13 39
13 40
13 42
13 44
13 45
13 46
13 47
13 51
13 52
13 54
13 57
13 60
13 62
13 64
13 68
13 69
13 71
13 72
13 73
13 74
13 76
13 79
13 81
13 83
13 86
13 88
13 90
13 91
13 92
13 95
13 96
13 97
13 99
13 100
14 15
14 17
14 19
14 20
14 22
14 23
14 24
14 28
14 30
14 32
14 38
14 39
14 40
14 44
14 45
14 46
14 49
14 51
14 56
14 58
14 62
14 63
14 64
14 65
14 71
14 74
14 76
14 77
14 79
14 80
14 81
14 84
14 85
14 88
14 89
14 90
14 97
14 98
15 17
15 18
15 19
15 22
15 28
15 29
15 31
15 33
15 34
15 36
15 38
15 40
15 44
15 46
15 48
15 49
15 50
15 53
15 54
15 56
15 60
15 61
15 62
15 64
15 69
15 70
15 72
15 73
15 74
15 76
15 79
15 82
15 83
15 84
15 85
15 87
15 90
15 91
15 92
15 93
15 94
15 95
15 96
15 97
15 100
16 17
16 18
16 19
16 21
16 22
16 23
16 26
16 27
16 28
16 29
16 30
16 35
16 38
16 39
16 41
16 42
16 43
16 44
16 45
16 46
16 47
16 51
16 52
16 55
16 56
16 57
16 58
16 59
16 60
16 61
16 64
16 65
16 66
16 67
16 69
16 71
16 75
16 79
16 80
16 81
16 82
16 84
16 85
16 86
16 87
16 91
16 95
16 97
16 100
17 18
17 20
17 21
17 22
17 26
17 28
17 30
17 33
17 35
17 39
17 40
17 41
17 42
17 47
17 49
17 50
17 54
17 55
17 56
17 58
17 59
17 61
17 64
17 66
17 67
17 69
17 70
17 73
17 74
17 75
17 76
17 88
17 90
17 91
17 93
17 94
17 100
18 19
18 21
18 25
18 26
18 27
18 31
18 32
18 33
18 35
18 37
18 43
18 44
18 45
18 47
18 48
18 49
18 54
18 56
18 59
18 61
18 62
18 63
18 64
18 65
18 66
18 67
18 69
18 70
18 71
18 72
18 82
18 83
18 84
18 85
18 87
18 88
18 91
18 92
18 93
18 97
18 98
18 99
18 100
19 21
19 25
19 26
19 27
19 30
19 33
19 39
19 40
19 42
19 43
19 45
19 48
19 49
19 52
19 53
19 54
19 55
19 56
19 60
19 62
19 63
19 75
19 76
19 78
19 79
19 80
19 83
19 84
19 85
19 87
19 88
19 89
19 91
19 93
19 94
19 96
19 97
19 99
19 100
20 21
20 22
20 27
20 28
20 31
20 33
20 34
20 35
20 36
20 37
20 40
20 41
20 42
20 44
20 48
20 49
20 50
20 52
20 53
20 56
20 57
20 62
20 64
20 66
20 67
20 69
20 70
20 77
20 79
20 80
20 84
20 87
20 88
20 89
20 95
20 97
20 99
20 100
21 24
21 27
21 29
21 31
21 35
21 37
21 38
21 39
21 40
21 45
21 47
21 48
21 49
21 50
21 52
21 60
21 65
21 66
21 67
21 68
21 69
21 70
21 76
21 78
21 79
21 82
21 84
21 85
21 87
21 90
21 91
21 93
21 94
21 95
21 96
21 97
21 99
22 23
22 26
22 35
22 36
22 37
22 38
22 40
22 42
22 43
22 49
22 50
22 54
22 55
22 56
22 57
22 61
22 64
22 68
22 69
22 71
22 73
22 75
22 76
22 77
22 79
22 81
22 85
22 88
22 89
22 92
22 97
22 99
23 25
23 26
23 28
23 29
23 30
23 32
23 33
23 34
23 35
23 36
23 37
23 41
23 42
23 43
23 46
23 49
23 53
23 54
23 55
23 56
23 60
23 62
23 63
23 64
23 67
23 68
23 69
23 73
23 74
23 75
23 76
23 80
23 82
23 86
23 87
23 89
23 90
23 91
23 92
23 96
23 99
23 100
24 25
24 29
24 34
24 35
24 36
24 37
24 39
24 40
24 41
24 43
24 46
24 48
24 51
24 52
24 53
24 54
24 55
24 56
24 58
24 59
24 60
24 61
24 62
24 63
24 68
24 69
24 73
24 74
24 75
24 76
24 78
24 82
24 83
24 86
24 88
24 89
24 93
24 95
24 96
24 98
25 27
25 28
25 29
25 32
25 33
25 35
25 37
25 40
25 42
25 47
25 50
25 52
25 53
25 63
25 64
25 65
25 66
25 67
25 69
25 70
25 71
25 73
25 75
25 76
25 77
25 80
25 82
25 83
25 84
25 87
25 88
25 89
25 91
25 93
25 94
25 95
25 96
25 97
25 100
26 27
26 28
26 29
26 30
26 31
26 35
26 38
26 44
26 46
26 47
26 48
26 49
26 50
26 53
26 59
26 61
26 62
26 64
26 65
26 66
26 67
26 71
26 72
26 73
26 75
26 78
26 80
26 81
26 82
26 83
26 87
26 88
26 89
26 91
26 92
26 93
26 94
26 97
26 99
26 100
27 30
27 32
27 33
27 34
27 35
27 36
27 37
27 39
27 40
27 41
27 42
27 43
27 44
27 46
27 47
27 51
27 53
27 54
27 55
27 59
27 60
27 63
27 64
27 65
27 69
27 71
27 81
27 82
27 85
27 87
27 89
27 91
27 93
27 95
27 96
27 98
27 99
27 100
28 29
28 30
28 32
28 34
28 36
28 37
28 38
28 40
28 41
28 44
28 45
28 49
28 51
28 55
28 56
28 57
28 59
28 63
28 64
28 69
28 73
28 76
28 77
28 79
28 81
28 82
28 83
28 84
28 87
28 93
28 94
28 96
28 99
28 100
29 30
29 35
29 36
29 41
29 43
29 44
29 45
29 46
29 47
29 51
29 52
29 56
29 59
29 63
29 65
29 67
29 68
29 69
29 70
29 71
29 73
29 74
29 76
29 79
29 80
29 82
29 84
29 85
29 88
29 89
29 91
29 93
29 94
29 100
30 31
30 33
30 34
30 35
30 36
30 37
30 40
30 41
30 42
30 43
30 48
30 52
30 53
30 54
30 55
30 56
30 64
30 66
30 67
30 69
30 71
30 72
30 73
30 74
30 75
30 84
30 86
30 89
30 91
30 94
30 97
30 100
31 35
31 36
31 37
31 38
31 39
31 40
31 42
31 43
31 44
31 46
31 48
31 49
31 50
31 51
31 53
31 54
31 57
31 58
31 60
31 61
31 62
31 63
31 64
31 66
31 68
31 73
31 76
31 79
31 81
31 83
31 84
31 87
31 88
31 91
31 92
31 96
31 97
31 99
31 100
32 33
32 37
32 39
32 40
32 41
32 45
32 46
32 48
32 50
32 51
32 56
32 58
32 59
32 61
32 63
32 65
32 67
32 71
32 77
32 78
32 80
32 82
32 83
32 84
32 89
32 90
32 92
32 93
32 97
32 98
33 34
33 35
33 36
33 37
33 38
33 42
33 44
33 46
33 48
33 50
33 52
33 55
33 56
33 57
33 61
33 62
33 65
33 66
33 67
33 69
33 70
33 71
33 73
33 75
33 77
33 78
33 79
33 80
33 81
33 82
33 86
33 88
33 92
33 93
33 97
33 99
33 100
34 35
34 38
34 41
34 42
34 44
34 45
34 46
34 47
34 48
34 49
34 50
34 51
34 52
34 53
34 56
34 57
34 64
34 65
34 66
34 68
34 69
34 72
34 73
34 75
34 76
34 77
34 78
34 81
34 82
34 83
34 84
34 85
34 86
34 88
34 89
34 91
34 93
34 95
34 96
34 97
34 99
35 38
35 42
35 43
35 45
35 47
35 50
35 51
35 53
35 58
35 59
35 60
35 63
35 64
35 65
35 67
35 71
35 73
35 75
35 77
35 81
35 83
35 84
35 89
35 90
35 91
35 94
35 97
35 99
35 100
36 38
36 40
36 41
36 42
36 44
36 45
36 47
36 51
36 53
36 55
36 57
36 58
36 60
36 61
36 62
36 64
36 65
36 67
36 68
36 73
36 75
36 76
36 78
36 79
36 84
36 87
36 89
36 90
36 91
36 93
36 97
36 98
36 100
37 38
37 39
37 40
37 41
37 43
37 44
37 46
37 48
37 49
37 50
37 51
37 52
37 54
37 55
37 57
37 60
37 61
37 62
37 63
37 65
37 67
37 69
37 70
37 71
37 72
37 74
37 75
37 79
37 80
37 82
37 83
37 84
37 85
37 88
37 90
37 91
37 92
37 94
37 95
37 96
37 99
37 100
38 39
38 41
38 43
38 44
38 46
38 54
38 55
38 56
38 57
38 62
38 67
38 68
38 69
38 74
38 79
38 81
38 87
38 90
38 91
38 94
38 97
38 98
38 100
39 41
39 42
39 43
39 44
39 46
39 54
39 55
39 57
39 58
39 60
39 61
39 63
39 64
39 65
39 70
39 72
39 74
39 78
39 82
39 84
39 85
39 87
39 95
39 96
39 97
39 99
40 42
40 43
40 45
40 49
40 50
40 53
40 60
40 62
40 69
40 71
40 72
40 73
40 74
40 75
40 76
40 77
40 80
40 81
40 82
40 92
40 93
40 94
40 95
41 43
41 44
41 46
41 49
41 50
41 51
41 53
41 56
41 57
41 62
41 63
41 64
41 66
41 68
41 69
41 72
41 74
41 75
41 78
41 79
41 80
41 82
41 85
41 88
41 94
41 95
41 100
42 44
42 45
42 48
42 49
42 51
42 53
42 54
42 56
42 57
42 59
42 61
42 62
42 63
42 66
42 67
42 71
42 72
42 76
42 78
42 81
42 84
42 85
42 86
42 89
42 90
42 91
42 93
42 95
42 96
42 98
42 99
43 45
43 46
43 47
43 48
43 49
43 50
43 51
43 53
43 54
43 55
43 57
43 58
43 59
43 62
43 63
43 65
43 67
43 68
43 72
43 73
43 74
43 75
43 78
43 83
43 87
43 89
43 90
43 92
43 94
43 95
43 96
43 97
43 99
43 100
44 45
44 49
44 51
44 52
44 53
44 54
44 55
44 58
44 60
44 61
44 62
44 67
44 68
44 69
44 71
44 72
44 74
44 75
44 76
44 78
44 81
44 85
44 87
44 88
44 94
44 95
44 96
44 97
44 98
45 49
45 55
45 56
45 59
45 66
45 67
45 68
45 69
45 71
45 73
45 74
45 78
45 81
45 82
45 84
45 86
45 88
45 89
45 90
45 91
45 92
45 93
45 94
45 95
45 97
45 98
45 100
46 49
46 50
46 51
46 55
46 57
46 58
46 61
46 62
46 69
46 71
46 72
46 73
46 74
46 75
46 76
46 77
46 79
46 81
46 83
46 84
46 85
46 87
46 88
46 93
46 96
47 48
47 50
47 51
47 52
47 54
47 55
47 56
47 59
47 61
47 62
47 63
47 65
47 69
47 72
47 76
47 77
47 79
47 81
47 82
47 88
47 90
47 92
47 95
47 98
47 99
47 100
48 49
48 50
48 54
48 55
48 56
48 59
48 61
48 64
48 66
48 67
48 71
48 74
48 75
48 76
48 77
48 79
48 80
48 81
48 85
48 89
48 91
48 92
48 93
48 94
48 95
48 97
48 98
48 99
48 100
49 51
49 52
49 54
49 56
49 60
49 61
49 62
49 64
49 66
49 67
49 68
49 69
49 70
49 73
49 74
49 75
49 78
49 79
49 85
49 86
49 87
49 88
49 89
50 51
50 54
50 56
50 57
50 60
50 61
50 62
50 63
50 66
50 68
50 69
50 72
50 73
50 74
50 75
50 77
50 79
50 80
50 83
50 84
50 86
50 88
50 89
50 93
50 97
50 99
51 55
51 56
51 58
51 59
51 61
51 62
51 65
51 68
51 69
51 70
51 71
51 72
51 75
51 76
51 77
51 78
51 83
51 85
51 97
51 98
51 100
52 53
52 54
52 55
52 59
52 60
52 62
52 67
52 68
52 72
52 74
52 75
52 76
52 79
52 80
52 82
52 83
52 89
52 90
52 92
52 93
52 95
52 97
53 56
53 57
53 58
53 61
53 64
53 66
53 67
53 68
53 72
53 74
53 75
53 76
53 77
53 79
53 81
53 88
53 89
53 92
53 94
53 95
53 98
53 99
53 100
54 55
54 56
54 60
54 61
54 66
54 68
54 69
54 70
54 71
54 72
54 74
54 77
54 78
54 80
54 82
54 86
54 87
54 88
54 89
54 90
54 92
54 93
54 94
54 95
54 96
54 97
54 99
54 100
55 57
55 58
55 59
55 61
55 62
55 64
55 65
55 66
55 67
55 68
55 71
55 72
55 73
55 74
55 78
55 79
55 81
55 82
55 83
55 89
55 90
55 93
55 94
55 96
55 97
55 98
55 100
56 57
56 58
56 61
56 63
56 64
56 66
56 68
56 70
56 71
56 76
56 77
56 80
56 81
56 84
56 86
56 87
56 89
56 91
56 92
56 94
56 95
56 97
56 98
56 99
56 100
57 58
57 61
57 64
57 65
57 68
57 73
57 74
57 75
57 76
57 78
57 79
57 84
57 85
57 87
57 88
57 91
57 92
57 93
57 94
57 96
57 97
57 99
57 100
58 59
58 60
58 61
58 62
58 64
58 65
58 68
58 71
58 72
58 74
58 75
58 79
58 80
58 82
58 83
58 86
58 87
58 89
58 94
58 96
58 98
58 99
58 100
59 60
59 61
59 62
59 63
59 64
59 65
59 67
59 68
59 69
59 71
59 72
59 73
59 76
59 77
59 78
59 79
59 80
59 81
59 83
59 88
59 90
59 92
59 93
59 94
59 96
59 97
59 98
59 99
60 61
60 62
60 68
60 69
60 70
60 71
60 74
60 75
60 76
60 78
60 79
60 80
60 81
60 84
60 86
60 88
60 89
60 91
60 94
61 63
61 64
61 67
61 68
61 70
61 71
61 73
61 74
61 78
61 79
61 82
61 84
61 86
61 87
61 89
61 95
61 96
61 97
61 100
62 65
62 69
62 71
62 75
62 77
62 78
62 79
62 82
62 83
62 84
62 85
62 89
62 90
62 91
62 93
62 94
62 96
62 97
62 100
63 65
63 66
63 67
63 69
63 70
63 71
63 74
63 77
63 80
63 81
63 82
63 89
63 90
63 92
63 95
63 99
64 68
64 71
64 73
64 76
64 77
64 79
64 80
64 81
64 82
64 84
64 85
64 86
64 89
64 92
64 94
64 97
65 66
65 67
65 69
65 70
65 71
65 76
65 77
65 78
65 82
65 85
65 86
65 89
65 94
65 95
65 99
65 100
66 68
66 70
66 71
66 74
66 76
66 77
66 79
66 81
66 84
66 87
66 89
66 92
66 94
66 96
66 97
66 99
67 69
67 72
67 75
67 77
67 78
67 79
67 80
67 81
67 83
67 84
67 87
67 88
67 93
67 95
67 98
67 99
68 69
68 71
68 73
68 74
68 75
68 76
68 79
68 80
68 81
68 84
68 87
68 90
68 91
68 94
68 95
68 97
69 70
69 72
69 73
69 75
69 76
69 78
69 80
69 82
69 83
69 87
69 89
69 92
69 93
69 94
69 97
69 98
69 99
69 100
70 72
70 73
70 77
70 80
70 83
70 84
70 86
70 87
70 88
70 92
70 93
70 95
70 97
70 98
71 73
71 74
71 76
71 79
71 82
71 89
71 90
71 91
71 92
72 73
72 79
72 86
72 89
72 91
72 93
72 94
72 97
72 100
73 74
73 76
73 79
73 80
73 81
73 83
73 86
73 89
73 90
73 95
73 97
73 99
74 75
74 77
74 79
74 80
74 81
74 83
74 84
74 85
74 86
74 89
74 91
74 92
74 93
74 97
74 98
74 99
75 80
75 85
75 86
75 87
75 88
75 89
75 91
75 92
75 94
75 95
75 97
75 99
75 100
76 77
76 78
76 81
76 82
76 83
76 89
76 90
76 91
76 97
77 78
77 79
77 80
77 81
77 85
77 86
77 87
77 88
77 89
77 90
77 93
77 94
77 96
77 98
77 99
78 79
78 81
78 82
78 83
78 84
78 89
78 90
78 93
78 95
78 96
79 80
79 82
79 83
79 84
79 85
79 86
79 87
79 88
79 95
79 98
79 99
79 100
80 81
80 82
80 84
80 86
80 87
80 92
80 96
80 98
80 100
81 84
81 87
81 88
81 89
81 90
81 91
81 92
81 93
81 95
81 98
82 83
82 85
82 87
82 88
82 91
82 96
82 97
82 98
83 84
83 85
83 87
83 89
83 91
83 94
83 96
83 97
84 88
84 89
84 90
84 91
84 92
84 93
84 94
84 97
84 99
84 100
85 88
85 89
85 91
85 94
85 95
86 91
86 92
86 93
86 94
86 96
86 97
86 98
86 99
87 88
87 91
87 93
87 98
87 99
88 89
88 90
88 91
88 96
88 97
88 98
88 100
89 90
89 91
89 95
89 96
89 98
89 100
90 93
90 95
90 96
90 98
91 92
91 93
91 94
91 95
91 96
91 98
91 99
91 100
92 94
92 95
92 96
92 100
93 95
93 97
93 100
94 95
94 96
94 97
94 98
94 99
95 96
95 98
96 97
96 100
97 100
98 99
98 100
