200 10047
1 4
1 8
1 12
1 14
1 15
1 18
1 20
1 21
1 26
1 27
1 28
1 30
1 32
1 33
1 34
1 39
1 42
1 43
1 45
1 46
1 47
1 49
1 51
1 52
1 56
1 57
1 58
1 61
1 63
1 64
1 65
1 66
1 73
1 74
1 75
1 76
1 77
1 79
1 85
1 87
1 89
1 90
1 91
1 98
1 100
1 103
1 106
1 109
1 110
1 112
1 113
1 116
1 117
1 118
1 120
1 121
1 124
1 125
1 126
1 130
1 131
1 132
1 134
1 139
1 141
1 142
1 144
1 146
1 148
1 150
1 151
1 152
1 154
1 155
1 156
1 159
1 160
1 162
1 163
1 165
1 168
1 169
1 171
1 172
1 176
1 178
1 179
1 183
1 184
1 185
1 191
1 193
1 194
1 195
1 196
1 198
1 199
2 3
2 5
2 7
2 8
2 10
2 12
2 15
2 24
2 25
2 26
2 28
2 30
2 31
2 33
2 35
2 37
2 38
2 39
2 41
2 43
2 45
2 46
2 51
2 53
2 55
2 56
2 57
2 58
2 59
2 62
2 63
2 65
2 67
2 68
2 69
2 70
2 71
2 72
2 78
2 79
2 80
2 81
2 82
2 83
2 84
2 87
2 91
2 93
2 95
2 96
2 97
2 101
2 102
2 104
2 106
2 107
2 108
2 109
2 111
2 112
2 113
2 116
2 118
2 119
2 121
2 130
2 131
2 132
2 133
2 136
2 138
2 146
2 153
2 154
2 159
2 162
2 168
2 173
2 176
2 180
2 182
2 183
2 184
2 185
2 186
2 187
2 193
2 194
2 196
2 200
3 5
3 8
3 11
3 12
3 14
3 17
3 18
3 20
3 21
3 22
3 31
3 34
3 36
3 37
3 38
3 44
3 45
3 46
3 47
3 49
3 50
3 51
3 53
3 54
3 56
3 58
3 59
3 60
3 61
3 63
3 64
3 65
3 66
3 71
3 74
3 77
3 78
3 83
3 84
3 89
3 90
3 91
3 92
3 96
3 97
3 98
3 99
3 100
3 101
3 102
3 103
3 104
3 106
3 107
3 110
3 114
3 115
3 116
3 125
3 127
3 129
3 130
3 131
3 133
3 135
3 136
3 138
3 141
3 143
3 145
3 148
3 152
3 156
3 157
3 159
3 160
3 162
3 164
3 165
3 167
3 169
3 171
3 172
3 173
3 176
3 177
3 179
3 180
3 182
3 184
3 185
3 186
3 188
3 189
3 190
3 192
3 193
3 195
3 200
4 5
4 6
4 7
4 10
4 21
4 22
4 24
4 25
4 26
4 27
4 28
4 29
4 30
4 32
4 33
4 34
4 36
4 37
4 38
4 39
4 40
4 42
4 43
4 44
4 48
4 52
4 53
4 54
4 55
4 56
4 58
4 61
4 62
4 64
4 66
4 67
4 70
4 72
4 73
4 79
4 82
4 83
4 84
4 86
4 87
4 88
4 89
4 91
4 95
4 99
4 101
4 103
4 105
4 108
4 110
4 114
4 115
4 116
4 118
4 119
4 122
4 124
4 128
4 129
4 130
4 131
4 132
4 133
4 135
4 137
4 140
4 143
4 145
4 146
4 147
4 148
4 151
4 152
4 153
4 155
4 159
4 162
4 163
4 164
4 166
4 167
4 168
4 169
4 174
4 179
4 180
4 182
4 183
4 184
4 187
4 188
4 190
4 191
4 195
4 197
4 200
5 7
5 10
5 11
5 12
5 14
5 16
5 18
5 19
5 20
5 21
5 22
5 23
5 24
5 26
5 27
5 30
5 31
5 37
5 38
5 39
5 41
5 43
5 45
5 46
5 47
5 49
5 51
5 54
5 55
5 56
5 58
5 59
5 60
5 61
5 62
5 63
5 67
5 68
5 72
5 74
5 75
5 77
5 78
5 79
5 81
5 85
5 88
5 89
5 92
5 93
5 95
5 96
5 98
5 101
5 104
5 105
5 107
5 109
5 112
5 113
5 114
5 117
5 118
5 119
5 120
5 123
5 124
5 125
5 127
5 129
5 130
5 131
5 133
5 134
5 135
5 138
5 141
5 142
5 143
5 144
5 146
5 149
5 154
5 155
5 159
5 162
5 164
5 168
5 169
5 171
5 173
5 174
5 176
5 178
5 179
5 181
5 185
5 186
5 187
5 188
5 193
5 195
5 196
5 198
5 199
6 7
6 9
6 11
6 14
6 15
6 16
6 18
6 19
6 23
6 25
6 26
6 27
6 29
6 30
6 33
6 34
6 35
6 36
6 38
6 39
6 42
6 43
6 45
6 48
6 50
6 51
6 54
6 55
6 57
6 58
6 61
6 62
6 63
6 65
6 67
6 69
6 74
6 75
6 77
6 79
6 84
6 89
6 90
6 91
6 93
6 94
6 95
6 96
6 97
6 99
6 100
6 101
6 102
6 104
6 105
6 106
6 107
6 108
6 109
6 111
6 112
6 121
6 124
6 125
6 126
6 133
6 134
6 135
6 137
6 139
6 141
6 143
6 148
6 149
6 156
6 160
6 165
6 166
6 167
6 169
6 171
6 172
6 173
6 176
6 178
6 179
6 180
6 181
6 183
6 184
6 187
6 188
6 189
6 191
6 193
6 194
6 197
6 198
7 10
7 11
7 12
7 14
7 16
7 19
7 20
7 21
7 27
7 28
7 33
7 35
7 36
7 41
7 44
7 47
7 48
7 49
7 52
7 56
7 60
7 61
7 62
7 67
7 68
7 72
7 74
7 76
7 77
7 79
7 84
7 86
7 87
7 90
7 91
7 92
7 94
7 95
7 96
7 97
7 100
7 102
7 105
7 106
7 112
7 118
7 120
7 122
7 124
7 125
7 127
7 128
7 129
7 131
7 132
7 133
7 135
7 137
7 138
7 143
7 145
7 146
7 147
7 149
7 152
7 154
7 155
7 157
7 169
7 170
7 172
7 176
7 180
7 181
7 182
7 184
7 186
7 187
7 188
7 193
7 194
7 196
7 197
7 198
7 199
8 9
8 12
8 14
8 15
8 17
8 21
8 22
8 24
8 25
8 28
8 30
8 31
8 32
8 34
8 37
8 40
8 42
8 43
8 45
8 46
8 47
8 49
8 51
8 53
8 55
8 57
8 58
8 60
8 61
8 64
8 70
8 71
8 75
8 77
8 78
8 81
8 85
8 88
8 91
8 93
8 100
8 101
8 103
8 104
8 105
8 106
8 111
8 112
8 113
8 115
8 118
8 119
8 120
8 121
8 122
8 123
8 124
8 126
8 127
8 129
8 130
8 132
8 133
8 135
8 136
8 137
8 138
8 139
8 141
8 144
8 146
8 148
8 149
8 150
8 151
8 154
8 157
8 158
8 160
8 162
8 168
8 172
8 173
8 174
8 175
8 177
8 184
8 185
8 187
8 188
8 194
8 196
8 198
8 199
8 200
9 11
9 12
9 13
9 16
9 17
9 24
9 25
9 26
9 27
9 28
9 29
9 30
9 32
9 33
9 36
9 38
9 39
9 40
9 43
9 49
9 52
9 53
9 55
9 56
9 57
9 59
9 61
9 63
9 66
9 68
9 69
9 71
9 73
9 76
9 78
9 82
9 85
9 86
9 87
9 89
9 90
9 91
9 93
9 95
9 96
9 97
9 101
9 102
9 106
9 110
9 111
9 112
9 113
9 115
9 116
9 117
9 118
9 120
9 123
9 127
9 129
9 130
9 132
9 137
9 142
9 144
9 145
9 146
9 149
9 151
9 155
9 156
9 157
9 158
9 161
9 162
9 171
9 173
9 179
9 180
9 181
9 182
9 183
9 184
9 185
9 187
9 188
9 189
9 190
9 191
9 193
9 194
9 195
9 197
9 199
9 200
10 11
10 12
10 13
10 14
10 20
10 21
10 25
10 28
10 30
10 31
10 33
10 34
10 35
10 39
10 40
10 42
10 43
10 45
10 47
10 51
10 55
10 57
10 59
10 60
10 61
10 62
10 63
10 64
10 66
10 70
10 71
10 72
10 74
10 75
10 76
10 80
10 82
10 87
10 88
10 89
10 90
10 91
10 92
10 94
10 99
10 100
10 101
10 102
10 103
10 104
10 105
10 106
10 107
10 114
10 118
10 121
10 122
10 123
10 126
10 127
10 129
10 131
10 132
10 133
10 138
10 139
10 140
10 141
10 143
10 144
10 146
10 147
10 148
10 152
10 153
10 154
10 156
10 157
10 158
10 160
10 161
10 163
10 164
10 165
10 166
10 167
10 170
10 171
10 172
10 174
10 181
10 184
10 185
10 186
10 189
10 191
10 192
10 195
11 12
11 13
11 14
11 17
11 18
11 19
11 22
11 23
11 24
11 25
11 26
11 28
11 33
11 34
11 36
11 39
11 40
11 43
11 45
11 48
11 49
11 50
11 51
11 52
11 57
11 58
11 59
11 61
11 64
11 65
11 66
11 69
11 70
11 71
11 73
11 75
11 76
11 79
11 82
11 83
11 85
11 86
11 90
11 91
11 92
11 96
11 98
11 99
11 103
11 104
11 105
11 106
11 107
11 108
11 111
11 113
11 114
11 115
11 117
11 119
11 120
11 121
11 122
11 127
11 128
11 130
11 131
11 134
11 137
11 138
11 139
11 142
11 143
11 144
11 145
11 146
11 150
11 153
11 154
11 155
11 156
11 157
11 158
11 160
11 161
11 162
11 163
11 166
11 168
11 169
11 171
11 173
11 174
11 176
11 181
11 186
11 187
11 188
11 189
11 190
11 192
11 194
11 196
11 199
12 13
12 14
12 16
12 22
12 24
12 25
12 27
12 28
12 31
12 32
12 34
12 35
12 45
12 46
12 47
12 50
12 51
12 52
12 55
12 58
12 62
12 65
12 66
12 67
12 69
12 70
12 71
12 72
12 73
12 74
12 76
12 80
12 81
12 82
12 83
12 84
12 85
12 88
12 90
12 91
12 93
12 95
12 96
12 97
12 98
12 99
12 100
12 101
12 102
12 104
12 106
12 107
12 113
12 114
12 115
12 117
12 119
12 120
12 121
12 123
12 125
12 126
12 129
12 131
12 132
12 133
12 134
12 138
12 140
12 141
12 142
12 147
12 148
12 149
12 150
12 151
12 152
12 154
12 157
12 159
12 160
12 162
12 163
12 164
12 166
12 167
12 170
12 171
12 173
12 174
12 175
12 176
12 178
12 179
12 182
12 183
12 185
12 187
12 188
12 189
12 190
12 193
12 195
12 197
12 198
12 199
12 200
13 14
13 15
13 18
13 25
13 26
13 27
13 31
13 35
13 39
13 42
13 43
13 45
13 46
13 47
13 48
13 49
13 51
13 52
13 53
13 55
13 57
13 58
13 60
13 61
13 63
13 65
13 67
13 70
13 71
13 75
13 76
13 77
13 79
13 84
13 85
13 87
13 88
13 89
13 91
13 93
13 96
13 99
13 100
13 101
13 102
13 103
13 106
13 107
13 109
13 110
13 111
13 113
13 114
13 115
13 116
13 117
13 121
13 122
13 123
13 124
13 125
13 126
13 128
13 129
13 130
13 133
13 134
13 135
13 137
13 138
13 139
13 140
13 141
13 142
13 144
13 146
13 147
13 149
13 151
13 152
13 153
13 154
13 155
13 157
13 160
13 162
13 167
13 170
13 171
13 173
13 174
13 176
13 177
13 179
13 181
13 183
13 184
13 186
13 187
13 190
13 191
13 196
13 197
13 199
13 200
14 17
14 19
14 20
14 25
14 26
14 27
14 31
14 33
14 34
14 35
14 36
14 38
14 42
14 44
14 46
14 48
14 49
14 50
14 51
14 54
14 55
14 58
14 61
14 62
14 66
14 67
14 68
14 69
14 74
14 76
14 79
14 80
14 83
14 85
14 90
14 92
14 93
14 95
14 97
14 98
14 103
14 105
14 107
14 108
14 110
14 111
14 113
14 114
14 115
14 121
14 122
14 125
14 126
14 132
14 133
14 134
14 135
14 137
14 139
14 142
14 145
14 147
14 150
14 151
14 152
14 162
14 171
14 172
14 173
14 181
14 182
14 183
14 186
14 187
14 188
14 189
14 190
14 191
14 192
14 193
14 195
14 197
14 198
14 199
14 200
15 16
15 18
15 22
15 24
15 26
15 31
15 32
15 34
15 35
15 38
15 42
15 43
15 46
15 49
15 50
15 52
15 55
15 56
15 57
15 58
15 64
15 65
15 68
15 70
15 72
15 74
15 75
15 76
15 78
15 80
15 81
15 84
15 86
15 91
15 92
15 93
15 94
15 96
15 97
15 98
15 99
15 101
15 103
15 106
15 110
15 112
15 113
15 114
15 116
15 117
15 118
15 120
15 121
15 123
15 125
15 126
15 128
15 130
15 131
15 132
15 133
15 135
15 136
15 138
15 142
15 143
15 145
15 146
15 147
15 152
15 154
15 155
15 156
15 157
15 159
15 161
15 162
15 164
15 165
15 167
15 168
15 170
15 172
15 173
15 176
15 178
15 179
15 180
15 181
15 185
15 186
15 187
15 188
15 191
15 196
15 197
15 200
16 19
16 21
16 26
16 28
16 30
16 31
16 35
16 37
16 39
16 40
16 42
16 43
16 45
16 46
16 47
16 48
16 51
16 55
16 56
16 59
16 60
16 61
16 66
16 68
16 69
16 70
16 72
16 75
16 76
16 78
16 80
16 82
16 84
16 85
16 86
16 89
16 90
16 93
16 95
16 97
16 98
16 100
16 102
16 103
16 106
16 107
16 109
16 111
16 115
16 117
16 118
16 119
16 122
16 129
16 130
16 132
16 133
16 137
16 140
16 141
16 144
16 145
16 146
16 148
16 151
16 152
16 153
16 154
16 158
16 160
16 161
16 162
16 163
16 166
16 167
16 169
16 173
16 174
16 176
16 177
16 179
16 181
16 182
16 183
16 184
16 185
16 188
16 191
16 192
16 193
16 196
17 19
17 24
17 25
17 26
17 33
17 35
17 38
17 39
17 40
17 42
17 43
17 44
17 46
17 47
17 49
17 50
17 51
17 52
17 54
17 56
17 57
17 60
17 61
17 62
17 63
17 64
17 66
17 67
17 68
17 72
17 76
17 80
17 81
17 84
17 86
17 87
17 95
17 97
17 102
17 104
17 105
17 107
17 108
17 111
17 112
17 113
17 115
17 120
17 123
17 125
17 127
17 132
17 133
17 134
17 135
17 136
17 137
17 139
17 140
17 144
17 145
17 146
17 147
17 151
17 152
17 153
17 155
17 157
17 158
17 160
17 163
17 164
17 165
17 167
17 168
17 170
17 171
17 172
17 173
17 177
17 178
17 181
17 188
17 195
17 196
17 197
17 198
17 199
17 200
18 23
18 25
18 26
18 27
18 28
18 30
18 31
18 33
18 34
18 36
18 38
18 41
18 44
18 45
18 46
18 49
18 51
18 52
18 58
18 60
18 61
18 62
18 63
18 64
18 65
18 69
18 71
18 74
18 75
18 76
18 77
18 80
18 85
18 86
18 89
18 92
18 95
18 96
18 98
18 99
18 100
18 106
18 109
18 111
18 112
18 113
18 116
18 117
18 120
18 122
18 123
18 124
18 127
18 132
18 134
18 135
18 137
18 139
18 140
18 141
18 145
18 146
18 148
18 152
18 153
18 155
18 156
18 159
18 160
18 162
18 165
18 166
18 167
18 169
18 171
18 173
18 174
18 177
18 180
18 182
18 185
18 186
18 187
18 188
18 189
18 192
18 193
18 194
18 196
18 200
19 20
19 24
19 26
19 28
19 30
19 32
19 34
19 39
19 40
19 41
19 42
19 44
19 45
19 46
19 48
19 49
19 50
19 51
19 58
19 59
19 60
19 61
19 63
19 66
19 67
19 69
19 71
19 72
19 76
19 78
19 82
19 84
19 87
19 90
19 92
19 94
19 96
19 98
19 99
19 100
19 102
19 103
19 104
19 105
19 106
19 107
19 112
19 113
19 117
19 119
19 121
19 123
19 125
19 126
19 128
19 130
19 131
19 133
19 134
19 135
19 137
19 138
19 139
19 141
19 145
19 146
19 148
19 152
19 153
19 154
19 156
19 157
19 160
19 161
19 164
19 165
19 166
19 167
19 169
19 171
19 172
19 176
19 178
19 179
19 180
19 182
19 185
19 187
19 190
19 191
19 192
19 193
19 196
19 198
19 200
20 23
20 24
20 25
20 26
20 27
20 28
20 29
20 30
20 36
20 37
20 40
20 43
20 44
20 45
20 46
20 48
20 50
20 51
20 54
20 55
20 57
20 61
20 64
20 66
20 68
20 70
20 71
20 72
20 74
20 75
20 76
20 80
20 82
20 83
20 84
20 85
20 86
20 87
20 88
20 90
20 94
20 95
20 98
20 101
20 104
20 108
20 109
20 111
20 114
20 116
20 121
20 122
20 125
20 126
20 127
20 131
20 132
20 133
20 134
20 135
20 139
20 140
20 142
20 143
20 144
20 147
20 150
20 151
20 152
20 153
20 154
20 157
20 158
20 160
20 164
20 165
20 167
20 170
20 171
20 173
20 174
20 175
20 176
20 177
20 178
20 179
20 181
20 182
20 185
20 189
20 190
20 191
20 192
20 193
20 195
20 197
20 198
20 199
20 200
21 22
21 23
21 25
21 26
21 29
21 31
21 33
21 34
21 35
21 36
21 37
21 39
21 41
21 44
21 46
21 47
21 48
21 49
21 50
21 51
21 56
21 57
21 59
21 62
21 65
21 66
21 67
21 72
21 75
21 76
21 77
21 79
21 81
21 82
21 83
21 86
21 87
21 88
21 90
21 95
21 96
21 97
21 98
21 101
21 102
21 104
21 106
21 108
21 109
21 110
21 111
21 112
21 113
21 114
21 116
21 119
21 121
21 123
21 125
21 127
21 132
21 135
21 136
21 138
21 139
21 140
21 142
21 144
21 147
21 150
21 151
21 155
21 157
21 158
21 159
21 161
21 162
21 163
21 166
21 170
21 173
21 178
21 179
21 180
21 182
21 183
21 185
21 186
21 188
21 192
21 196
21 197
21 199
22 24
22 29
22 30
22 31
22 33
22 35
22 37
22 38
22 41
22 42
22 43
22 44
22 47
22 48
22 50
22 51
22 52
22 53
22 55
22 58
22 62
22 63
22 69
22 70
22 73
22 74
22 75
22 76
22 79
22 80
22 87
22 88
22 89
22 90
22 92
22 93
22 96
22 98
22 99
22 100
22 102
22 104
22 105
22 107
22 108
22 110
22 111
22 112
22 115
22 116
22 117
22 119
22 121
22 122
22 123
22 125
22 126
22 129
22 131
22 133
22 136
22 139
22 140
22 141
22 142
22 145
22 147
22 148
22 150
22 153
22 156
22 159
22 160
22 164
22 167
22 169
22 171
22 174
22 175
22 176
22 178
22 180
22 184
22 185
22 186
22 189
22 190
22 193
22 194
22 197
23 26
23 29
23 31
23 35
23 37
23 38
23 39
23 41
23 42
23 43
23 47
23 51
23 53
23 54
23 56
23 58
23 59
23 60
23 61
23 63
23 64
23 67
23 73
23 75
23 76
23 77
23 79
23 80
23 83
23 85
23 86
23 89
23 91
23 92
23 93
23 98
23 100
23 101
23 102
23 103
23 104
23 106
23 111
23 112
23 113
23 115
23 117
23 118
23 119
23 120
23 121
23 124
23 125
23 126
23 129
23 131
23 135
23 139
23 142
23 143
23 145
23 146
23 148
23 149
23 150
23 151
23 155
23 157
23 158
23 161
23 162
23 165
23 167
23 169
23 170
23 171
23 173
23 174
23 175
23 177
23 179
23 181
23 182
23 183
23 185
23 186
23 187
23 188
23 189
23 191
23 195
23 197
23 198
23 199
23 200
24 28
24 29
24 30
24 31
24 33
24 34
24 36
24 38
24 39
24 40
24 41
24 42
24 43
24 50
24 51
24 53
24 54
24 58
24 59
24 60
24 62
24 63
24 65
24 67
24 68
24 70
24 72
24 73
24 74
24 77
24 78
24 81
24 82
24 87
24 92
24 93
24 94
24 96
24 97
24 98
24 99
24 100
24 101
24 102
24 104
24 106
24 109
24 111
24 113
24 116
24 122
24 124
24 125
24 128
24 130
24 131
24 132
24 133
24 135
24 139
24 140
24 143
24 144
24 145
24 150
24 151
24 153
24 154
24 155
24 158
24 161
24 162
24 163
24 164
24 166
24 167
24 168
24 169
24 170
24 172
24 173
24 174
24 176
24 180
24 181
24 184
24 189
24 190
24 193
24 194
24 195
24 197
24 199
24 200
25 27
25 29
25 31
25 32
25 33
25 35
25 37
25 38
25 39
25 40
25 45
25 48
25 50
25 51
25 52
25 53
25 55
25 57
25 59
25 61
25 62
25 63
25 66
25 67
25 68
25 70
25 72
25 75
25 76
25 77
25 78
25 81
25 82
25 84
25 87
25 88
25 89
25 92
25 95
25 96
25 98
25 99
25 101
25 102
25 103
25 104
25 108
25 110
25 111
25 113
25 114
25 116
25 117
25 118
25 119
25 120
25 122
25 123
25 124
25 125
25 127
25 128
25 129
25 133
25 136
25 137
25 138
25 139
25 143
25 144
25 145
25 146
25 147
25 149
25 150
25 151
25 152
25 154
25 156
25 157
25 159
25 160
25 167
25 168
25 170
25 171
25 172
25 174
25 176
25 179
25 180
25 183
25 184
25 186
25 190
25 192
25 193
25 196
25 198
25 199
25 200
26 28
26 29
26 30
26 36
26 38
26 41
26 43
26 44
26 48
26 49
26 50
26 51
26 52
26 54
26 55
26 60
26 61
26 62
26 64
26 68
26 69
26 73
26 75
26 77
26 79
26 80
26 81
26 84
26 85
26 87
26 89
26 95
26 97
26 98
26 99
26 101
26 102
26 103
26 104
26 105
26 108
26 109
26 111
26 112
26 114
26 117
26 120
26 121
26 123
26 125
26 127
26 128
26 129
26 131
26 133
26 137
26 138
26 139
26 142
26 143
26 146
26 151
26 152
26 153
26 154
26 156
26 157
26 158
26 160
26 161
26 162
26 164
26 165
26 166
26 169
26 170
26 177
26 179
26 180
26 181
26 185
26 186
26 188
26 189
26 192
26 195
26 196
27 28
27 32
27 34
27 35
27 37
27 39
27 42
27 43
27 44
27 45
27 46
27 48
27 50
27 51
27 53
27 54
27 55
27 56
27 57
27 60
27 64
27 65
27 66
27 68
27 71
27 72
27 74
27 77
27 81
27 83
27 84
27 87
27 89
27 91
27 100
27 101
27 105
27 110
27 111
27 112
27 117
27 119
27 121
27 122
27 126
27 128
27 129
27 130
27 131
27 134
27 135
27 136
27 139
27 140
27 141
27 143
27 144
27 145
27 150
27 151
27 152
27 153
27 159
27 160
27 161
27 164
27 166
27 168
27 169
27 170
27 172
27 174
27 175
27 176
27 179
27 183
27 184
27 186
27 187
27 188
27 189
27 190
27 191
27 192
27 193
27 194
27 196
28 29
28 30
28 32
28 36
28 37
28 39
28 40
28 47
28 49
28 52
28 53
28 57
28 60
28 63
28 65
28 66
28 68
28 70
28 72
28 73
28 76
28 77
28 79
28 80
28 87
28 88
28 90
28 91
28 92
28 93
28 94
28 96
28 97
28 98
28 104
28 105
28 106
28 112
28 115
28 117
28 119
28 125
28 126
28 127
28 129
28 131
28 133
28 135
28 136
28 138
28 140
28 142
28 144
28 145
28 146
28 147
28 150
28 151
28 154
28 155
28 156
28 157
28 158
28 161
28 162
28 163
28 165
28 167
28 170
28 171
28 174
28 175
28 177
28 179
28 181
28 182
28 183
28 184
28 185
28 187
28 188
28 189
28 190
28 191
28 192
28 193
28 195
28 197
28 199
29 31
29 32
29 34
29 37
29 38
29 43
29 44
29 48
29 50
29 51
29 54
29 56
29 58
29 59
29 62
29 64
29 66
29 68
29 70
29 75
29 76
29 77
29 79
29 86
29 89
29 94
29 95
29 97
29 98
29 101
29 102
29 104
29 108
29 110
29 112
29 113
29 116
29 117
29 119
29 121
29 122
29 126
29 128
29 129
29 132
29 134
29 137
29 138
29 140
29 141
29 143
29 146
29 148
29 150
29 154
29 156
29 157
29 161
29 162
29 163
29 164
29 166
29 168
29 169
29 172
29 173
29 174
29 175
29 177
29 178
29 183
29 185
29 188
29 190
29 191
29 192
29 195
29 196
29 198
29 199
29 200
30 31
30 33
30 35
30 36
30 41
30 44
30 45
30 48
30 49
30 52
30 53
30 58
30 59
30 60
30 61
30 63
30 65
30 67
30 68
30 70
30 71
30 73
30 75
30 77
30 78
30 79
30 82
30 84
30 85
30 88
30 91
30 92
30 93
30 94
30 95
30 97
30 99
30 100
30 102
30 106
30 107
30 110
30 111
30 112
30 113
30 115
30 119
30 120
30 123
30 124
30 126
30 128
30 129
30 130
30 132
30 133
30 134
30 135
30 137
30 143
30 145
30 146
30 147
30 148
30 149
30 150
30 151
30 153
30 159
30 160
30 161
30 164
30 169
30 172
30 173
30 174
30 175
30 176
30 177
30 182
30 184
30 187
30 189
30 191
30 193
30 194
30 200
31 32
31 37
31 38
31 40
31 44
31 47
31 48
31 49
31 51
31 52
31 53
31 57
31 58
31 59
31 60
31 65
31 66
31 68
31 69
31 72
31 73
31 74
31 80
31 81
31 82
31 84
31 87
31 88
31 89
31 91
31 92
31 93
31 94
31 95
31 96
31 98
31 101
31 103
31 106
31 114
31 115
31 116
31 120
31 121
31 122
31 125
31 130
31 131
31 136
31 139
31 140
31 141
31 143
31 145
31 149
31 150
31 151
31 152
31 154
31 156
31 157
31 159
31 160
31 161
31 165
31 168
31 172
31 175
31 176
31 177
31 178
31 183
31 187
31 188
31 191
31 194
31 195
31 199
31 200
32 34
32 35
32 36
32 37
32 38
32 39
32 40
32 42
32 43
32 46
32 47
32 48
32 49
32 51
32 52
32 53
32 55
32 56
32 58
32 61
32 62
32 64
32 65
32 66
32 67
32 68
32 70
32 72
32 73
32 78
32 79
32 80
32 88
32 90
32 93
32 94
32 104
32 105
32 106
32 107
32 109
32 110
32 111
32 113
32 114
32 115
32 117
32 119
32 120
32 123
32 124
32 126
32 127
32 128
32 131
32 140
32 143
32 144
32 146
32 147
32 151
32 152
32 153
32 154
32 158
32 159
32 160
32 166
32 173
32 177
32 178
32 179
32 180
32 181
32 182
32 192
32 193
32 195
32 196
32 198
32 200
33 37
33 38
33 39
33 40
33 41
33 43
33 44
33 47
33 49
33 50
33 51
33 53
33 55
33 57
33 59
33 62
33 64
33 65
33 67
33 68
33 69
33 71
33 74
33 75
33 76
33 83
33 85
33 87
33 88
33 89
33 92
33 93
33 96
33 100
33 103
33 104
33 105
33 106
33 108
33 109
33 111
33 112
33 117
33 122
33 123
33 125
33 126
33 127
33 129
33 131
33 134
33 135
33 136
33 143
33 144
33 145
33 147
33 150
33 151
33 153
33 154
33 159
33 160
33 161
33 163
33 164
33 167
33 168
33 169
33 172
33 173
33 174
33 175
33 176
33 177
33 179
33 180
33 185
33 187
33 188
33 191
33 192
33 193
33 194
33 196
33 200
34 35
34 36
34 37
34 39
34 40
34 41
34 44
34 49
34 51
34 52
34 53
34 54
34 56
34 57
34 59
34 61
34 62
34 65
34 69
34 70
34 72
34 76
34 77
34 78
34 79
34 83
34 84
34 88
34 90
34 91
34 93
34 101
34 102
34 103
34 104
34 106
34 108
34 110
34 113
34 114
34 115
34 116
34 118
34 120
34 123
34 125
34 126
34 127
34 128
34 130
34 132
34 133
34 135
34 139
34 140
34 141
34 145
34 146
34 148
34 149
34 150
34 152
34 154
34 161
34 162
34 163
34 169
34 171
34 172
34 173
34 174
34 175
34 176
34 177
34 182
34 183
34 184
34 185
34 190
34 192
34 193
34 195
34 196
34 197
34 198
34 200
35 38
35 39
35 42
35 47
35 52
35 53
35 55
35 60
35 64
35 65
35 67
35 68
35 69
35 71
35 72
35 76
35 77
35 78
35 79
35 83
35 85
35 86
35 87
35 90
35 91
35 92
35 93
35 94
35 100
35 101
35 102
35 103
35 108
35 109
35 110
35 113
35 115
35 116
35 117
35 119
35 122
35 124
35 126
35 127
35 129
35 131
35 133
35 134
35 135
35 136
35 138
35 139
35 140
35 142
35 143
35 149
35 151
35 152
35 153
35 154
35 155
35 158
35 161
35 163
35 164
35 165
35 168
35 170
35 173
35 174
35 176
35 179
35 180
35 181
35 184
35 185
35 188
35 189
35 191
35 193
35 194
35 197
35 198
36 39
36 41
36 42
36 44
36 47
36 48
36 49
36 50
36 52
36 53
36 54
36 55
36 57
36 58
36 61
36 62
36 64
36 67
36 69
36 71
36 72
36 73
36 80
36 82
36 83
36 84
36 85
36 86
36 88
36 89
36 92
36 94
36 96
36 98
36 99
36 100
36 104
36 106
36 107
36 108
36 111
36 112
36 113
36 115
36 118
36 119
36 120
36 123
36 124
36 125
36 130
36 131
36 132
36 133
36 134
36 135
36 137
36 140
36 142
36 143
36 146
36 147
36 148
36 149
36 151
36 153
36 155
36 157
36 160
36 161
36 162
36 163
36 165
36 167
36 168
36 171
36 172
36 173
36 174
36 176
36 178
36 183
36 184
36 185
36 186
36 187
36 188
36 189
36 192
36 193
36 194
36 195
36 196
36 197
36 198
36 199
36 200
37 39
37 40
37 42
37 44
37 45
37 49
37 52
37 53
37 54
37 55
37 64
37 65
37 67
37 68
37 72
37 73
37 74
37 76
37 78
37 79
37 81
37 82
37 83
37 84
37 86
37 87
37 88
37 89
37 91
37 92
37 93
37 95
37 96
37 97
37 98
37 101
37 102
37 104
37 106
37 108
37 109
37 110
37 112
37 117
37 118
37 120
37 121
37 125
37 128
37 129
37 130
37 132
37 135
37 136
37 138
37 139
37 140
37 142
37 143
37 145
37 146
37 148
37 149
37 151
37 153
37 154
37 156
37 159
37 160
37 162
37 164
37 165
37 169
37 170
37 172
37 173
37 174
37 177
37 178
37 179
37 181
37 187
37 189
37 190
37 191
37 196
37 197
37 199
38 39
38 40
38 41
38 42
38 44
38 45
38 47
38 48
38 53
38 55
38 57
38 60
38 61
38 63
38 66
38 67
38 69
38 71
38 74
38 76
38 77
38 80
38 82
38 84
38 85
38 86
38 90
38 92
38 93
38 96
38 98
38 99
38 100
38 101
38 102
38 108
38 112
38 113
38 114
38 118
38 121
38 125
38 126
38 129
38 131
38 132
38 133
38 137
38 140
38 141
38 142
38 144
38 146
38 151
38 153
38 155
38 156
38 161
38 163
38 164
38 165
38 166
38 167
38 168
38 169
38 170
38 173
38 176
38 177
38 179
38 180
38 181
38 185
38 188
38 189
38 191
38 193
38 196
38 197
39 43
39 45
39 48
39 50
39 52
39 54
39 60
39 61
39 63
39 64
39 71
39 72
39 73
39 74
39 75
39 78
39 84
39 85
39 86
39 89
39 91
39 93
39 96
39 97
39 99
39 102
39 103
39 104
39 107
39 109
39 110
39 113
39 114
39 118
39 119
39 122
39 124
39 128
39 131
39 133
39 135
39 143
39 145
39 147
39 149
39 150
39 151
39 155
39 156
39 159
39 160
39 164
39 165
39 166
39 167
39 170
39 174
39 176
39 179
39 183
39 184
39 186
39 187
39 189
39 190
39 191
39 196
39 199
39 200
40 41
40 43
40 45
40 48
40 49
40 50
40 52
40 54
40 56
40 57
40 58
40 60
40 61
40 62
40 63
40 67
40 73
40 75
40 76
40 78
40 79
40 81
40 85
40 86
40 87
40 88
40 89
40 92
40 94
40 95
40 96
40 99
40 100
40 102
40 104
40 106
40 108
40 111
40 112
40 115
40 116
40 117
40 119
40 120
40 121
40 123
40 124
40 125
40 126
40 127
40 128
40 129
40 130
40 132
40 134
40 135
40 141
40 142
40 143
40 144
40 145
40 146
40 148
40 149
40 150
40 154
40 156
40 157
40 158
40 160
40 161
40 164
40 168
40 169
40 171
40 176
40 177
40 182
40 184
40 185
40 186
40 187
40 193
40 198
40 199
41 45
41 46
41 50
41 54
41 56
41 59
41 63
41 68
41 69
41 70
41 71
41 72
41 73
41 74
41 76
41 78
41 79
41 81
41 84
41 90
41 92
41 94
41 95
41 101
41 103
41 105
41 107
41 114
41 116
41 118
41 120
41 121
41 122
41 123
41 124
41 125
41 126
41 129
41 130
41 132
41 133
41 134
41 136
41 141
41 142
41 143
41 144
41 147
41 148
41 150
41 153
41 156
41 157
41 158
41 160
41 162
41 165
41 169
41 173
41 174
41 175
41 176
41 181
41 182
41 185
41 187
41 189
41 190
41 191
41 192
41 193
41 195
41 196
41 197
41 198
42 44
42 46
42 48
42 54
42 56
42 58
42 60
42 61
42 62
42 64
42 69
42 72
42 73
42 74
42 75
42 76
42 77
42 78
42 79
42 81
42 84
42 85
42 89
42 92
42 95
42 96
42 98
42 100
42 104
42 105
42 107
42 112
42 115
42 118
42 121
42 123
42 124
42 125
42 126
42 130
42 131
42 133
42 134
42 135
42 142
42 143
42 147
42 149
42 150
42 151
42 152
42 153
42 154
42 156
42 157
42 158
42 159
42 161
42 163
42 164
42 165
42 166
42 168
42 169
42 170
42 174
42 176
42 177
42 179
42 180
42 181
42 182
42 184
42 185
42 186
42 189
42 192
42 195
42 196
42 197
42 198
42 199
43 48
43 52
43 55
43 57
43 58
43 60
43 65
43 66
43 68
43 69
43 71
43 73
43 74
43 75
43 77
43 78
43 82
43 87
43 91
43 92
43 93
43 94
43 96
43 97
43 98
43 105
43 107
43 108
43 109
43 110
43 111
43 112
43 118
43 119
43 122
43 123
43 124
43 125
43 126
43 127
43 131
43 132
43 134
43 135
43 137
43 138
43 145
43 146
43 148
43 149
43 150
43 151
43 152
43 154
43 155
43 156
43 160
43 161
43 162
43 166
43 168
43 170
43 171
43 172
43 173
43 177
43 178
43 184
43 186
43 189
43 190
43 194
43 196
43 198
43 199
43 200
44 45
44 46
44 47
44 48
44 50
44 52
44 54
44 57
44 58
44 59
44 60
44 62
44 65
44 68
44 70
44 76
44 78
44 79
44 81
44 82
44 83
44 84
44 86
44 87
44 88
44 89
44 90
44 91
44 92
44 96
44 97
44 99
44 102
44 104
44 106
44 109
44 110
44 111
44 112
44 113
44 119
44 120
44 123
44 124
44 127
44 130
44 131
44 135
44 136
44 137
44 138
44 141
44 142
44 144
44 145
44 147
44 149
44 151
44 152
44 153
44 154
44 157
44 158
44 160
44 162
44 164
44 167
44 169
44 170
44 173
44 175
44 176
44 177
44 178
44 179
44 183
44 186
44 191
44 193
44 194
44 195
44 197
44 200
45 46
45 47
45 48
45 49
45 51
45 52
45 53
45 54
45 56
45 58
45 60
45 61
45 62
45 63
45 64
45 65
45 66
45 67
45 68
45 69
45 73
45 74
45 76
45 77
45 78
45 80
45 81
45 82
45 83
45 84
45 87
45 88
45 89
45 94
45 95
45 97
45 101
45 102
45 105
45 108
45 111
45 114
45 116
45 117
45 119
45 125
45 126
45 127
45 128
45 130
45 131
45 132
45 135
45 138
45 139
45 143
45 144
45 145
45 146
45 147
45 149
45 150
45 151
45 154
45 155
45 157
45 158
45 160
45 164
45 165
45 167
45 168
45 172
45 176
45 179
45 180
45 186
45 187
45 191
45 192
45 193
45 195
45 199
46 47
46 48
46 53
46 58
46 60
46 62
46 63
46 64
46 65
46 68
46 70
46 75
46 77
46 79
46 80
46 82
46 84
46 85
46 87
46 91
46 94
46 96
46 99
46 100
46 103
46 104
46 105
46 114
46 115
46 118
46 120
46 122
46 124
46 127
46 128
46 130
46 131
46 133
46 135
46 136
46 138
46 141
46 143
46 144
46 145
46 146
46 147
46 148
46 149
46 154
46 155
46 157
46 158
46 159
46 164
46 166
46 169
46 171
46 172
46 173
46 174
46 176
46 177
46 179
46 180
46 182
46 183
46 185
46 186
46 192
47 53
47 54
47 58
47 62
47 64
47 66
47 68
47 70
47 71
47 72
47 73
47 77
47 79
47 83
47 85
47 86
47 87
47 90
47 94
47 95
47 96
47 99
47 100
47 104
47 109
47 110
47 114
47 118
47 121
47 123
47 124
47 126
47 127
47 130
47 132
47 139
47 141
47 147
47 148
47 149
47 150
47 154
47 157
47 158
47 159
47 165
47 166
47 167
47 168
47 171
47 174
47 178
47 179
47 185
47 186
47 192
47 193
47 196
47 197
47 199
48 49
48 50
48 51
48 55
48 56
48 58
48 59
48 61
48 62
48 63
48 68
48 69
48 70
48 71
48 74
48 75
48 81
48 82
48 83
48 84
48 88
48 92
48 95
48 96
48 99
48 101
48 105
48 108
48 114
48 115
48 116
48 117
48 118
48 122
48 123
48 125
48 126
48 127
48 128
48 130
48 137
48 138
48 139
48 140
48 141
48 144
48 146
48 148
48 149
48 150
48 151
48 154
48 157
48 158
48 159
48 164
48 167
48 170
48 172
48 173
48 175
48 178
48 179
48 180
48 181
48 182
48 183
48 184
48 185
48 190
48 191
48 192
48 197
48 199
49 53
49 54
49 58
49 59
49 60
49 62
49 63
49 65
49 66
49 69
49 70
49 73
49 74
49 75
49 76
49 78
49 82
49 88
49 90
49 91
49 95
49 96
49 98
49 99
49 100
49 101
49 103
49 106
49 107
49 108
49 114
49 119
49 120
49 121
49 122
49 123
49 126
49 127
49 129
49 130
49 132
49 133
49 139
49 140
49 141
49 142
49 143
49 144
49 146
49 147
49 148
49 151
49 153
49 155
49 157
49 158
49 160
49 166
49 167
49 168
49 169
49 171
49 172
49 173
49 175
49 177
49 178
49 179
49 181
49 185
49 187
49 189
49 190
49 192
49 194
49 197
49 198
49 200
50 54
50 56
50 57
50 59
50 60
50 65
50 66
50 67
50 68
50 73
50 75
50 77
50 83
50 84
50 86
50 87
50 89
50 90
50 95
50 96
50 98
50 100
50 101
50 103
50 104
50 110
50 112
50 113
50 116
50 117
50 121
50 126
50 127
50 132
50 135
50 136
50 137
50 138
50 142
50 143
50 144
50 146
50 147
50 148
50 149
50 151
50 152
50 153
50 154
50 155
50 156
50 158
50 160
50 164
50 166
50 167
50 168
50 171
50 172
50 173
50 177
50 178
50 181
50 183
50 184
50 185
50 186
50 188
50 194
50 196
50 198
50 200
51 52
51 53
51 56
51 64
51 65
51 66
51 67
51 71
51 76
51 77
51 78
51 82
51 85
51 89
51 90
51 91
51 92
51 93
51 94
51 97
51 98
51 101
51 103
51 104
51 105
51 113
51 114
51 115
51 117
51 118
51 119
51 121
51 123
51 125
51 129
51 132
51 134
51 136
51 138
51 141
51 143
51 146
51 147
51 150
51 151
51 155
51 156
51 160
51 162
51 164
51 166
51 169
51 172
51 173
51 174
51 177
51 179
51 180
51 181
51 182
51 186
51 188
51 191
51 192
51 194
51 197
51 199
52 53
52 55
52 56
52 57
52 58
52 59
52 61
52 62
52 63
52 66
52 68
52 69
52 70
52 75
52 76
52 77
52 82
52 84
52 85
52 87
52 90
52 92
52 94
52 97
52 99
52 100
52 101
52 107
52 108
52 109
52 111
52 112
52 113
52 122
52 125
52 127
52 129
52 130
52 137
52 140
52 141
52 143
52 144
52 145
52 148
52 149
52 150
52 151
52 154
52 155
52 156
52 157
52 160
52 165
52 166
52 167
52 168
52 170
52 172
52 177
52 179
52 182
52 183
52 185
52 189
52 190
52 193
52 195
52 196
52 199
53 55
53 56
53 57
53 58
53 59
53 60
53 66
53 67
53 68
53 70
53 71
53 78
53 79
53 81
53 85
53 87
53 89
53 90
53 91
53 92
53 93
53 95
53 98
53 99
53 103
53 104
53 106
53 107
53 110
53 111
53 116
53 117
53 118
53 119
53 122
53 123
53 125
53 126
53 127
53 128
53 130
53 132
53 137
53 138
53 140
53 142
53 145
53 148
53 150
53 151
53 153
53 154
53 155
53 161
53 167
53 169
53 170
53 175
53 176
53 177
53 178
53 179
53 180
53 184
53 188
53 189
53 191
53 192
53 195
53 196
53 197
53 198
53 199
53 200
54 56
54 57
54 61
54 65
54 67
54 71
54 72
54 73
54 80
54 82
54 83
54 88
54 89
54 91
54 92
54 93
54 97
54 100
54 102
54 104
54 105
54 109
54 110
54 111
54 113
54 114
54 116
54 119
54 121
54 122
54 125
54 126
54 127
54 129
54 132
54 140
54 142
54 143
54 144
54 145
54 146
54 147
54 148
54 150
54 151
54 152
54 155
54 157
54 158
54 161
54 163
54 165
54 166
54 168
54 170
54 173
54 176
54 177
54 180
54 181
54 184
54 185
54 187
54 191
54 194
54 195
54 197
54 198
55 56
55 57
55 58
55 59
55 61
55 63
55 66
55 67
55 70
55 71
55 73
55 75
55 77
55 78
55 80
55 82
55 84
55 86
55 87
55 88
55 92
55 93
55 94
55 95
55 99
55 102
55 103
55 104
55 105
55 106
55 109
55 113
55 120
55 124
55 126
55 127
55 128
55 130
55 133
55 134
55 135
55 136
55 138
55 141
55 142
55 143
55 145
55 146
55 147
55 148
55 150
55 151
55 153
55 155
55 157
55 164
55 170
55 172
55 173
55 174
55 176
55 178
55 180
55 183
55 185
55 186
55 188
55 189
55 192
55 193
55 197
55 198
55 199
56 58
56 59
56 63
56 64
56 71
56 72
56 75
56 76
56 77
56 82
56 83
56 85
56 86
56 87
56 89
56 91
56 94
56 96
56 97
56 101
56 102
56 104
56 107
56 108
56 110
56 111
56 115
56 116
56 118
56 119
56 120
56 123
56 124
56 126
56 127
56 128
56 129
56 130
56 132
56 134
56 137
56 139
56 142
56 145
56 146
56 148
56 151
56 152
56 153
56 154
56 157
56 158
56 159
56 160
56 161
56 163
56 167
56 170
56 172
56 173
56 177
56 178
56 179
56 180
56 183
56 185
56 187
56 191
56 193
56 195
56 197
56 198
56 200
57 65
57 69
57 70
57 71
57 74
57 75
57 79
57 82
57 83
57 84
57 85
57 86
57 89
57 92
57 93
57 94
57 97
57 98
57 101
57 102
57 103
57 106
57 108
57 109
57 110
57 112
57 115
57 116
57 117
57 122
57 123
57 125
57 126
57 127
57 128
57 129
57 130
57 132
57 133
57 135
57 138
57 142
57 143
57 146
57 152
57 153
57 158
57 162
57 165
57 166
57 167
57 168
57 169
57 171
57 172
57 175
57 176
57 177
57 181
57 185
57 186
57 187
57 191
57 192
57 194
57 197
57 198
57 199
57 200
58 59
58 61
58 65
58 66
58 67
58 68
58 69
58 73
58 75
58 76
58 77
58 78
58 79
58 80
58 81
58 83
58 85
58 87
58 88
58 94
58 95
58 99
58 100
58 104
58 105
58 106
58 107
58 108
58 113
58 115
58 116
58 117
58 118
58 122
58 124
58 127
58 130
58 131
58 132
58 136
58 138
58 140
58 141
58 142
58 143
58 144
58 145
58 147
58 149
58 151
58 152
58 153
58 154
58 157
58 159
58 163
58 168
58 171
58 172
58 176
58 177
58 179
58 180
58 181
58 182
58 184
58 192
58 193
58 194
58 195
58 198
58 200
59 60
59 61
59 63
59 66
59 67
59 68
59 69
59 73
59 75
59 76
59 78
59 79
59 80
59 81
59 82
59 85
59 88
59 90
59 93
59 94
59 95
59 97
59 98
59 100
59 104
59 105
59 107
59 112
59 114
59 115
59 116
59 118
59 119
59 123
59 125
59 127
59 130
59 131
59 132
59 133
59 134
59 135
59 139
59 142
59 147
59 152
59 153
59 154
59 155
59 165
59 170
59 176
59 177
59 179
59 181
59 184
59 186
59 188
59 189
59 190
59 193
59 194
59 196
59 199
60 62
60 63
60 64
60 72
60 76
60 77
60 78
60 79
60 80
60 81
60 84
60 86
60 87
60 88
60 92
60 94
60 95
60 96
60 99
60 101
60 102
60 106
60 107
60 109
60 110
60 114
60 115
60 117
60 119
60 120
60 125
60 127
60 128
60 138
60 139
60 140
60 144
60 147
60 149
60 150
60 152
60 153
60 158
60 159
60 161
60 162
60 163
60 164
60 165
60 166
60 169
60 172
60 175
60 176
60 177
60 178
60 180
60 181
60 183
60 184
60 185
60 186
60 187
60 191
60 194
60 195
60 197
60 200
61 64
61 65
61 66
61 69
61 71
61 73
61 74
61 75
61 79
61 80
61 81
61 85
61 87
61 91
61 92
61 93
61 94
61 96
61 97
61 100
61 101
61 102
61 105
61 107
61 110
61 111
61 112
61 113
61 114
61 116
61 117
61 121
61 122
61 123
61 125
61 126
61 127
61 129
61 135
61 136
61 137
61 138
61 139
61 141
61 144
61 145
61 146
61 147
61 148
61 153
61 154
61 160
61 161
61 164
61 167
61 168
61 169
61 171
61 174
61 177
61 178
61 180
61 182
61 183
61 184
61 186
61 187
61 188
61 190
61 191
61 192
61 196
61 197
61 198
61 199
61 200
62 64
62 65
62 67
62 70
62 71
62 72
62 74
62 75
62 76
62 77
62 78
62 82
62 83
62 85
62 88
62 90
62 92
62 94
62 95
62 97
62 98
62 100
62 101
62 103
62 106
62 107
62 109
62 111
62 114
62 115
62 117
62 120
62 121
62 122
62 125
62 126
62 128
62 131
62 132
62 134
62 137
62 138
62 139
62 140
62 141
62 144
62 148
62 155
62 158
62 159
62 160
62 161
62 162
62 164
62 165
62 168
62 169
62 171
62 173
62 175
62 176
62 178
62 179
62 180
62 181
62 183
62 184
62 185
62 186
62 187
62 188
62 189
62 190
62 192
62 193
62 194
62 195
62 199
62 200
63 67
63 70
63 71
63 72
63 73
63 75
63 76
63 77
63 78
63 79
63 80
63 82
63 83
63 84
63 85
63 86
63 89
63 90
63 92
63 95
63 96
63 97
63 98
63 99
63 101
63 102
63 106
63 107
63 108
63 112
63 113
63 114
63 115
63 116
63 119
63 120
63 123
63 124
63 126
63 127
63 128
63 129
63 130
63 131
63 135
63 137
63 141
63 142
63 148
63 150
63 152
63 154
63 155
63 156
63 159
63 160
63 163
63 164
63 165
63 168
63 171
63 172
63 176
63 178
63 180
63 181
63 183
63 184
63 185
63 188
63 191
63 192
63 193
63 197
63 200
64 65
64 66
64 68
64 69
64 72
64 73
64 75
64 76
64 77
64 79
64 82
64 84
64 85
64 86
64 87
64 90
64 91
64 92
64 96
64 98
64 99
64 100
64 101
64 102
64 103
64 108
64 109
64 111
64 112
64 115
64 116
64 122
64 123
64 127
64 128
64 129
64 130
64 131
64 133
64 135
64 136
64 141
64 142
64 143
64 144
64 149
64 150
64 154
64 156
64 157
64 158
64 161
64 163
64 165
64 167
64 168
64 170
64 171
64 172
64 174
64 175
64 176
64 177
64 178
64 180
64 181
64 186
64 187
64 188
64 190
64 192
64 193
64 194
64 199
65 66
65 67
65 69
65 70
65 74
65 79
65 81
65 85
65 86
65 88
65 90
65 94
65 95
65 97
65 98
65 101
65 103
65 105
65 106
65 108
65 109
65 110
65 123
65 124
65 126
65 127
65 133
65 137
65 138
65 139
65 144
65 145
65 146
65 148
65 150
65 151
65 153
65 154
65 155
65 156
65 158
65 159
65 160
65 164
65 167
65 168
65 169
65 170
65 171
65 172
65 175
65 177
65 179
65 181
65 187
65 189
65 191
65 194
65 195
65 196
65 198
65 199
65 200
66 67
66 70
66 71
66 73
66 74
66 76
66 77
66 78
66 80
66 83
66 89
66 90
66 91
66 92
66 94
66 97
66 98
66 100
66 105
66 107
66 108
66 109
66 110
66 111
66 112
66 113
66 116
66 118
66 119
66 122
66 125
66 127
66 129
66 131
66 132
66 138
66 140
66 145
66 148
66 151
66 152
66 153
66 160
66 163
66 164
66 166
66 167
66 169
66 170
66 171
66 178
66 179
66 182
66 183
66 190
66 191
66 193
66 194
66 195
67 72
67 73
67 74
67 75
67 76
67 77
67 78
67 79
67 80
67 81
67 85
67 86
67 88
67 89
67 90
67 93
67 96
67 98
67 101
67 103
67 104
67 105
67 106
67 107
67 109
67 111
67 112
67 114
67 115
67 116
67 118
67 121
67 123
67 125
67 127
67 129
67 130
67 131
67 132
67 134
67 136
67 138
67 142
67 143
67 148
67 149
67 150
67 152
67 153
67 154
67 156
67 157
67 158
67 159
67 160
67 162
67 164
67 166
67 167
67 169
67 170
67 172
67 177
67 180
67 183
67 185
67 188
67 189
67 190
67 192
67 195
67 196
67 197
67 200
68 70
68 71
68 72
68 73
68 74
68 75
68 76
68 78
68 80
68 81
68 82
68 85
68 86
68 87
68 88
68 89
68 90
68 91
68 93
68 95
68 98
68 99
68 100
68 101
68 106
68 107
68 109
68 111
68 113
68 114
68 115
68 116
68 124
68 128
68 129
68 130
68 132
68 133
68 134
68 139
68 146
68 148
68 150
68 151
68 153
68 156
68 157
68 159
68 165
68 166
68 168
68 171
68 172
68 176
68 177
68 179
68 180
68 181
68 184
68 185
68 186
68 190
68 193
68 194
68 196
68 198
68 199
68 200
69 73
69 74
69 79
69 81
69 82
69 84
69 85
69 88
69 90
69 91
69 92
69 93
69 98
69 99
69 101
69 102
69 103
69 104
69 107
69 109
69 110
69 113
69 117
69 119
69 121
69 123
69 124
69 126
69 130
69 131
69 132
69 136
69 137
69 141
69 142
69 143
69 144
69 145
69 148
69 150
69 151
69 152
69 153
69 158
69 160
69 161
69 165
69 166
69 167
69 170
69 172
69 173
69 178
69 182
69 184
69 187
69 189
69 191
69 192
69 194
69 195
69 199
70 74
70 77
70 82
70 83
70 85
70 86
70 89
70 90
70 91
70 94
70 97
70 101
70 103
70 106
70 107
70 108
70 111
70 116
70 118
70 120
70 125
70 128
70 130
70 131
70 135
70 139
70 141
70 145
70 146
70 148
70 151
70 152
70 153
70 154
70 155
70 156
70 158
70 161
70 162
70 163
70 166
70 168
70 170
70 171
70 172
70 175
70 176
70 178
70 180
70 181
70 182
70 183
70 185
70 187
70 188
70 189
70 192
70 193
70 195
70 197
70 198
70 200
71 74
71 79
71 80
71 81
71 84
71 85
71 86
71 88
71 89
71 90
71 92
71 93
71 100
71 102
71 104
71 106
71 107
71 109
71 111
71 113
71 115
71 116
71 118
71 119
71 121
71 123
71 124
71 125
71 126
71 127
71 128
71 130
71 132
71 136
71 139
71 142
71 143
71 145
71 146
71 148
71 149
71 150
71 152
71 153
71 154
71 155
71 156
71 157
71 158
71 161
71 162
71 163
71 164
71 166
71 167
71 169
71 173
71 174
71 176
71 179
71 182
71 183
71 184
71 185
71 186
71 188
71 189
71 191
71 193
71 196
71 197
71 198
71 200
72 75
72 76
72 77
72 79
72 83
72 84
72 85
72 87
72 90
72 92
72 93
72 94
72 96
72 98
72 99
72 100
72 103
72 105
72 107
72 109
72 111
72 113
72 115
72 118
72 119
72 120
72 122
72 124
72 127
72 128
72 129
72 131
72 132
72 133
72 134
72 137
72 141
72 142
72 144
72 148
72 154
72 155
72 159
72 160
72 161
72 162
72 166
72 167
72 168
72 169
72 170
72 177
72 178
72 179
72 182
72 186
72 187
72 188
72 191
72 195
72 197
73 74
73 75
73 77
73 79
73 80
73 81
73 82
73 84
73 85
73 86
73 89
73 90
73 91
73 93
73 94
73 96
73 99
73 100
73 102
73 103
73 104
73 105
73 107
73 112
73 113
73 115
73 119
73 121
73 122
73 123
73 124
73 126
73 127
73 128
73 129
73 132
73 134
73 137
73 140
73 142
73 143
73 144
73 147
73 148
73 150
73 152
73 153
73 154
73 155
73 157
73 159
73 163
73 164
73 168
73 169
73 174
73 176
73 177
73 178
73 179
73 181
73 182
73 183
73 184
73 185
73 189
73 195
73 198
73 200
74 75
74 76
74 78
74 80
74 81
74 82
74 83
74 85
74 86
74 87
74 89
74 90
74 91
74 95
74 96
74 97
74 98
74 100
74 102
74 104
74 107
74 108
74 109
74 110
74 111
74 116
74 117
74 121
74 123
74 124
74 125
74 126
74 128
74 131
74 133
74 134
74 137
74 138
74 141
74 142
74 145
74 146
74 149
74 153
74 154
74 156
74 158
74 159
74 160
74 161
74 162
74 166
74 167
74 169
74 171
74 172
74 174
74 175
74 177
74 182
74 183
74 185
74 186
74 187
74 188
74 191
74 193
74 196
74 200
75 77
75 78
75 81
75 82
75 83
75 84
75 85
75 86
75 87
75 88
75 89
75 90
75 91
75 92
75 93
75 94
75 96
75 97
75 99
75 100
75 101
75 102
75 103
75 105
75 107
75 111
75 112
75 115
75 116
75 117
75 118
75 119
75 120
75 125
75 127
75 129
75 130
75 131
75 132
75 133
75 134
75 141
75 142
75 143
75 145
75 146
75 148
75 149
75 151
75 152
75 153
75 157
75 158
75 162
75 164
75 165
75 171
75 173
75 175
75 176
75 178
75 179
75 181
75 186
75 187
75 188
75 189
75 195
75 196
75 198
75 199
75 200
76 82
76 83
76 84
76 89
76 90
76 95
76 97
76 98
76 101
76 102
76 103
76 105
76 107
76 108
76 110
76 115
76 116
76 118
76 121
76 122
76 126
76 127
76 130
76 134
76 136
76 138
76 140
76 141
76 144
76 145
76 146
76 147
76 148
76 150
76 152
76 153
76 154
76 155
76 156
76 158
76 159
76 161
76 163
76 164
76 166
76 173
76 174
76 175
76 176
76 177
76 178
76 179
76 180
76 184
76 185
76 186
76 187
76 189
76 193
76 194
76 196
76 198
76 200
77 78
77 80
77 83
77 84
77 86
77 88
77 90
77 94
77 97
77 102
77 104
77 107
77 109
77 113
77 114
77 115
77 116
77 120
77 121
77 122
77 124
77 128
77 129
77 130
77 132
77 134
77 137
77 138
77 142
77 143
77 145
77 146
77 148
77 150
77 151
77 152
77 153
77 154
77 155
77 156
77 159
77 160
77 161
77 162
77 163
77 164
77 166
77 167
77 170
77 174
77 175
77 176
77 177
77 178
77 179
77 184
77 187
77 188
77 190
77 191
77 193
77 194
77 195
77 198
77 199
77 200
78 80
78 82
78 83
78 84
78 85
78 86
78 88
78 89
78 92
78 93
78 94
78 95
78 99
78 103
78 108
78 109
78 110
78 111
78 116
78 117
78 119
78 125
78 127
78 128
78 129
78 130
78 131
78 132
78 133
78 137
78 140
78 141
78 143
78 147
78 148
78 150
78 151
78 153
78 154
78 158
78 159
78 161
78 162
78 163
78 164
78 167
78 172
78 173
78 179
78 181
78 183
78 187
78 188
78 191
78 192
78 195
78 196
78 197
78 200
79 83
79 86
79 87
79 91
79 95
79 97
79 99
79 100
79 104
79 106
79 108
79 111
79 112
79 114
79 118
79 119
79 120
79 121
79 126
79 128
79 131
79 137
79 141
79 142
79 144
79 146
79 150
79 151
79 152
79 154
79 155
79 160
79 162
79 163
79 164
79 165
79 167
79 169
79 170
79 171
79 175
79 177
79 179
79 180
79 181
79 182
79 185
79 187
79 190
79 192
79 194
79 195
79 197
79 198
79 199
79 200
80 81
80 82
80 85
80 86
80 87
80 88
80 92
80 93
80 94
80 97
80 98
80 99
80 101
80 102
80 106
80 107
80 108
80 110
80 118
80 119
80 121
80 125
80 126
80 128
80 129
80 130
80 132
80 135
80 137
80 143
80 144
80 145
80 146
80 149
80 150
80 153
80 154
80 156
80 159
80 160
80 162
80 164
80 165
80 167
80 174
80 175
80 176
80 177
80 178
80 179
80 182
80 183
80 188
80 190
80 191
80 192
80 194
80 196
80 197
80 199
81 82
81 83
81 84
81 85
81 91
81 92
81 93
81 94
81 96
81 98
81 102
81 106
81 107
81 108
81 109
81 112
81 114
81 116
81 120
81 121
81 123
81 126
81 127
81 128
81 129
81 131
81 132
81 134
81 136
81 137
81 138
81 139
81 140
81 142
81 144
81 146
81 147
81 149
81 150
81 152
81 154
81 155
81 157
81 158
81 160
81 161
81 163
81 164
81 167
81 168
81 172
81 173
81 174
81 176
81 179
81 180
81 182
81 183
81 184
81 185
81 186
81 188
81 189
81 190
81 195
81 196
81 197
81 199
81 200
82 88
82 90
82 91
82 94
82 97
82 99
82 103
82 106
82 107
82 108
82 111
82 112
82 113
82 117
82 118
82 119
82 120
82 121
82 124
82 125
82 130
82 131
82 132
82 137
82 138
82 142
82 143
82 144
82 145
82 149
82 150
82 154
82 155
82 157
82 158
82 161
82 162
82 164
82 166
82 168
82 169
82 172
82 175
82 176
82 177
82 178
82 179
82 180
82 182
82 183
82 184
82 187
82 188
82 189
82 192
82 195
82 197
82 198
82 199
83 86
83 87
83 89
83 92
83 94
83 95
83 96
83 97
83 99
83 102
83 103
83 104
83 105
83 106
83 108
83 109
83 110
83 115
83 119
83 123
83 128
83 130
83 134
83 135
83 136
83 138
83 140
83 142
83 144
83 146
83 149
83 152
83 154
83 155
83 157
83 160
83 162
83 164
83 165
83 169
83 172
83 176
83 179
83 180
83 181
83 182
83 183
83 185
83 186
83 188
83 189
83 192
83 195
83 198
84 85
84 88
84 89
84 92
84 95
84 99
84 103
84 104
84 105
84 106
84 107
84 108
84 109
84 110
84 112
84 116
84 117
84 118
84 120
84 121
84 124
84 126
84 128
84 129
84 130
84 134
84 138
84 139
84 144
84 145
84 151
84 152
84 153
84 154
84 155
84 157
84 159
84 160
84 163
84 164
84 167
84 172
84 174
84 179
84 180
84 184
84 188
84 189
84 191
84 193
84 196
84 199
84 200
85 86
85 87
85 90
85 91
85 95
85 96
85 98
85 101
85 102
85 103
85 104
85 108
85 109
85 111
85 113
85 114
85 117
85 120
85 123
85 125
85 126
85 128
85 129
85 130
85 131
85 133
85 134
85 136
85 139
85 145
85 146
85 147
85 148
85 149
85 151
85 152
85 155
85 157
85 158
85 160
85 162
85 164
85 166
85 168
85 172
85 175
85 176
85 177
85 179
85 180
85 181
85 183
85 184
85 185
85 187
85 188
85 189
85 190
85 191
85 192
85 193
85 194
85 195
85 197
85 198
85 199
85 200
86 88
86 89
86 91
86 92
86 95
86 97
86 98
86 100
86 101
86 102
86 103
86 104
86 106
86 108
86 110
86 111
86 112
86 113
86 115
86 117
86 119
86 121
86 124
86 125
86 127
86 128
86 131
86 136
86 139
86 140
86 144
86 145
86 148
86 149
86 150
86 153
86 156
86 158
86 161
86 164
86 166
86 167
86 169
86 171
86 173
86 176
86 182
86 183
86 184
86 185
86 186
86 187
86 189
86 190
86 191
86 192
86 193
86 194
86 195
86 197
86 198
86 200
87 89
87 92
87 93
87 95
87 98
87 100
87 104
87 107
87 108
87 109
87 110
87 111
87 116
87 119
87 121
87 124
87 126
87 129
87 132
87 133
87 135
87 138
87 139
87 140
87 142
87 143
87 146
87 148
87 149
87 151
87 152
87 157
87 158
87 159
87 160
87 161
87 163
87 164
87 167
87 169
87 171
87 172
87 173
87 174
87 178
87 179
87 180
87 181
87 183
87 187
87 188
87 190
87 191
87 192
87 193
87 196
87 197
87 199
87 200
88 90
88 93
88 102
88 104
88 105
88 106
88 108
88 109
88 110
88 111
88 112
88 114
88 117
88 119
88 122
88 123
88 124
88 129
88 131
88 132
88 134
88 136
88 139
88 140
88 141
88 144
88 145
88 148
88 151
88 155
88 159
88 163
88 164
88 165
88 166
88 168
88 169
88 173
88 175
88 176
88 178
88 180
88 182
88 183
88 185
88 186
88 188
88 189
88 191
88 193
88 194
88 195
88 196
88 197
88 198
88 200
89 90
89 91
89 92
89 93
89 95
89 96
89 98
89 99
89 101
89 103
89 106
89 108
89 109
89 116
89 117
89 119
89 120
89 122
89 126
89 127
89 128
89 132
89 133
89 137
89 138
89 139
89 142
89 143
89 144
89 148
89 150
89 151
89 153
89 154
89 155
89 163
89 165
89 167
89 169
89 171
89 173
89 175
89 176
89 177
89 179
89 180
89 182
89 183
89 184
89 185
89 186
89 188
89 190
89 192
89 193
89 194
89 195
89 199
90 92
90 93
90 94
90 95
90 96
90 99
90 100
90 106
90 107
90 112
90 114
90 116
90 121
90 122
90 123
90 124
90 125
90 127
90 128
90 129
90 130
90 132
90 134
90 136
90 137
90 138
90 139
90 141
90 142
90 144
90 145
90 147
90 148
90 149
90 150
90 151
90 153
90 154
90 156
90 158
90 159
90 161
90 168
90 170
90 171
90 176
90 178
90 180
90 182
90 183
90 185
90 187
90 189
90 190
90 194
90 195
90 196
90 197
90 199
91 92
91 93
91 96
91 98
91 99
91 100
91 101
91 103
91 108
91 109
91 111
91 114
91 117
91 121
91 124
91 127
91 131
91 133
91 134
91 135
91 136
91 137
91 139
91 140
91 141
91 143
91 146
91 148
91 151
91 155
91 156
91 159
91 161
91 164
91 166
91 167
91 168
91 170
91 171
91 172
91 173
91 175
91 177
91 179
91 184
91 185
91 187
91 188
91 189
91 191
91 192
91 197
91 198
91 199
91 200
92 93
92 96
92 100
92 103
92 105
92 106
92 107
92 108
92 109
92 111
92 116
92 120
92 121
92 128
92 131
92 136
92 138
92 141
92 143
92 148
92 152
92 153
92 156
92 158
92 160
92 163
92 164
92 165
92 166
92 173
92 175
92 176
92 177
92 178
92 180
92 184
92 185
92 186
92 188
92 189
92 194
92 195
92 196
92 197
92 198
93 95
93 96
93 97
93 98
93 100
93 103
93 105
93 106
93 107
93 110
93 111
93 112
93 116
93 117
93 118
93 122
93 125
93 126
93 127
93 128
93 134
93 135
93 136
93 138
93 140
93 141
93 142
93 146
93 148
93 152
93 156
93 158
93 160
93 161
93 166
93 168
93 169
93 171
93 172
93 173
93 174
93 176
93 177
93 179
93 183
93 184
93 185
93 187
93 188
93 189
93 190
93 191
93 193
93 195
93 196
93 197
93 198
93 200
94 97
94 98
94 99
94 101
94 102
94 103
94 107
94 108
94 110
94 111
94 114
94 116
94 117
94 118
94 119
94 120
94 121
94 123
94 124
94 125
94 127
94 130
94 134
94 135
94 136
94 137
94 139
94 141
94 144
94 145
94 146
94 147
94 148
94 152
94 161
94 162
94 166
94 172
94 173
94 174
94 179
94 181
94 182
94 183
94 184
94 185
94 188
94 189
94 190
94 192
94 193
94 194
94 195
94 196
94 198
94 199
95 96
95 98
95 100
95 101
95 102
95 107
95 108
95 110
95 112
95 113
95 115
95 116
95 117
95 121
95 123
95 135
95 136
95 138
95 139
95 140
95 141
95 142
95 144
95 148
95 149
95 150
95 152
95 153
95 155
95 156
95 157
95 160
95 161
95 163
95 164
95 165
95 167
95 168
95 169
95 175
95 176
95 179
95 183
95 186
95 187
95 189
95 192
95 193
95 194
95 195
95 196
95 198
96 97
96 98
96 99
96 102
96 104
96 105
96 106
96 113
96 114
96 118
96 130
96 132
96 137
96 143
96 144
96 146
96 147
96 148
96 149
96 150
96 151
96 152
96 153
96 156
96 157
96 159
96 161
96 163
96 164
96 165
96 167
96 170
96 172
96 175
96 176
96 181
96 183
96 185
96 187
96 188
96 190
96 192
96 193
96 195
96 196
97 99
97 100
97 103
97 104
97 106
97 108
97 110
97 121
97 125
97 126
97 127
97 130
97 133
97 135
97 137
97 138
97 139
97 142
97 144
97 145
97 150
97 151
97 153
97 154
97 155
97 156
97 157
97 158
97 162
97 164
97 166
97 170
97 173
97 175
97 177
97 178
97 180
97 181
97 186
97 189
97 190
97 193
97 194
97 197
97 200
98 103
98 104
98 108
98 109
98 110
98 112
98 113
98 114
98 118
98 120
98 121
98 124
98 125
98 128
98 130
98 131
98 133
98 137
98 144
98 145
98 146
98 147
98 148
98 150
98 151
98 154
98 158
98 163
98 165
98 168
98 170
98 171
98 175
98 176
98 178
98 181
98 182
98 184
98 185
98 187
98 189
98 191
98 192
98 193
98 194
98 196
98 197
98 198
98 199
98 200
99 101
99 102
99 105
99 108
99 112
99 114
99 115
99 119
99 120
99 121
99 122
99 125
99 126
99 128
99 137
99 138
99 139
99 140
99 141
99 142
99 143
99 145
99 147
99 152
99 155
99 156
99 157
99 161
99 162
99 163
99 164
99 165
99 168
99 169
99 170
99 171
99 174
99 177
99 178
99 180
99 185
99 187
99 191
99 194
99 198
99 200
100 101
100 102
100 103
100 106
100 107
100 110
100 111
100 115
100 116
100 119
100 120
100 121
100 122
100 123
100 127
100 128
100 130
100 131
100 134
100 135
100 136
100 143
100 145
100 147
100 149
100 150
100 152
100 154
100 158
100 159
100 163
100 165
100 166
100 167
100 168
100 169
100 175
100 176
100 178
100 179
100 180
100 181
100 182
100 184
100 185
100 186
100 187
100 189
100 193
100 194
100 195
100 197
100 198
100 199
101 102
101 103
101 104
101 106
101 109
101 113
101 114
101 116
101 119
101 121
101 123
101 124
101 125
101 129
101 130
101 132
101 133
101 134
101 135
101 136
101 137
101 138
101 142
101 144
101 145
101 146
101 153
101 155
101 157
101 158
101 160
101 161
101 162
101 163
101 164
101 165
101 166
101 167
101 168
101 170
101 171
101 174
101 175
101 177
101 178
101 180
101 183
101 185
101 186
101 188
101 190
101 192
101 193
101 196
101 200
102 103
102 106
102 107
102 108
102 112
102 113
102 115
102 116
102 117
102 122
102 126
102 128
102 131
102 134
102 135
102 136
102 137
102 139
102 142
102 144
102 147
102 149
102 152
102 155
102 157
102 158
102 162
102 164
102 167
102 168
102 173
102 174
102 175
102 176
102 180
102 181
102 186
102 189
102 191
102 193
102 194
102 196
102 198
102 200
103 104
103 107
103 111
103 112
103 114
103 115
103 118
103 125
103 127
103 130
103 131
103 133
103 134
103 135
103 137
103 138
103 139
103 141
103 142
103 143
103 144
103 147
103 151
103 153
103 155
103 156
103 158
103 159
103 163
103 164
103 165
103 166
103 167
103 169
103 170
103 175
103 179
103 180
103 181
103 185
103 186
103 193
103 196
103 199
103 200
104 105
104 107
104 109
104 116
104 119
104 120
104 122
104 123
104 130
104 134
104 137
104 141
104 143
104 146
104 147
104 148
104 149
104 150
104 159
104 160
104 163
104 165
104 167
104 168
104 169
104 171
104 172
104 174
104 175
104 177
104 178
104 181
104 182
104 185
104 187
104 189
104 191
104 192
104 193
105 106
105 107
105 108
105 117
105 119
105 120
105 123
105 125
105 126
105 130
105 132
105 134
105 137
105 141
105 150
105 152
105 153
105 154
105 158
105 162
105 169
105 170
105 173
105 174
105 176
105 179
105 180
105 182
105 184
105 187
105 190
105 192
105 193
105 194
105 195
105 198
105 199
105 200
106 107
106 108
106 110
106 112
106 117
106 118
106 119
106 121
106 122
106 123
106 124
106 125
106 126
106 129
106 130
106 131
106 135
106 137
106 138
106 141
106 143
106 146
106 147
106 149
106 151
106 152
106 154
106 157
106 159
106 161
106 162
106 163
106 165
106 166
106 167
106 170
106 173
106 174
106 175
106 176
106 177
106 178
106 179
106 180
106 181
106 184
106 186
106 189
106 190
106 191
106 194
106 196
106 199
107 109
107 111
107 112
107 113
107 115
107 120
107 122
107 124
107 125
107 128
107 129
107 130
107 132
107 134
107 135
107 136
107 137
107 140
107 142
107 143
107 144
107 147
107 148
107 149
107 153
107 154
107 155
107 156
107 158
107 162
107 167
107 168
107 170
107 177
107 178
107 181
107 182
107 183
107 184
107 185
107 187
107 188
107 191
107 194
107 196
107 199
108 109
108 112
108 113
108 114
108 116
108 117
108 120
108 122
108 124
108 125
108 126
108 131
108 132
108 133
108 139
108 140
108 141
108 147
108 149
108 150
108 151
108 152
108 157
108 158
108 160
108 161
108 163
108 164
108 166
108 167
108 170
108 171
108 172
108 173
108 175
108 176
108 179
108 183
108 188
108 189
108 190
108 192
108 193
108 197
108 198
109 110
109 111
109 114
109 116
109 117
109 119
109 120
109 122
109 123
109 124
109 125
109 127
109 130
109 135
109 140
109 144
109 147
109 149
109 153
109 155
109 156
109 157
109 160
109 162
109 163
109 164
109 168
109 174
109 177
109 179
109 181
109 183
109 184
109 188
109 189
109 190
109 192
109 194
109 199
110 114
110 115
110 116
110 117
110 120
110 122
110 123
110 124
110 125
110 126
110 127
110 132
110 133
110 134
110 135
110 136
110 137
110 143
110 145
110 146
110 152
110 156
110 157
110 159
110 161
110 162
110 163
110 165
110 166
110 171
110 174
110 176
110 179
110 180
110 181
110 182
110 183
110 184
110 187
110 192
110 194
110 196
110 197
111 113
111 117
111 120
111 121
111 122
111 123
111 125
111 126
111 131
111 132
111 134
111 136
111 137
111 140
111 141
111 143
111 145
111 146
111 147
111 149
111 150
111 154
111 155
111 156
111 157
111 158
111 159
111 160
111 163
111 165
111 166
111 168
111 169
111 171
111 172
111 174
111 175
111 176
111 177
111 180
111 183
111 184
111 188
111 190
111 191
111 196
111 199
111 200
112 116
112 117
112 120
112 122
112 123
112 124
112 125
112 126
112 128
112 129
112 130
112 132
112 134
112 136
112 137
112 144
112 146
112 153
112 154
112 155
112 156
112 158
112 159
112 161
112 162
112 164
112 165
112 167
112 173
112 174
112 175
112 176
112 179
112 182
112 184
112 189
112 190
112 191
112 192
112 194
112 195
112 196
112 197
112 198
113 116
113 117
113 122
113 123
113 124
113 129
113 130
113 131
113 133
113 137
113 138
113 139
113 140
113 141
113 142
113 145
113 146
113 147
113 149
113 150
113 151
113 152
113 153
113 155
113 158
113 160
113 164
113 170
113 171
113 172
113 174
113 175
113 176
113 178
113 180
113 182
113 184
113 188
113 189
113 193
113 194
113 198
113 200
114 115
114 119
114 120
114 122
114 126
114 129
114 130
114 132
114 135
114 136
114 139
114 140
114 143
114 145
114 146
114 148
114 149
114 151
114 152
114 155
114 156
114 157
114 158
114 160
114 161
114 163
114 164
114 165
114 166
114 169
114 170
114 171
114 172
114 176
114 179
114 182
114 183
114 186
114 188
114 191
114 192
114 194
114 195
114 196
114 197
114 198
114 199
115 116
115 119
115 120
115 122
115 124
115 125
115 127
115 129
115 130
115 132
115 133
115 135
115 138
115 140
115 141
115 142
115 145
115 146
115 147
115 149
115 151
115 154
115 155
115 156
115 158
115 162
115 167
115 173
115 176
115 177
115 180
115 181
115 183
115 186
115 188
115 192
115 193
115 195
115 198
116 118
116 119
116 120
116 122
116 125
116 128
116 133
116 134
116 138
116 139
116 140
116 141
116 142
116 143
116 144
116 145
116 148
116 149
116 150
116 151
116 152
116 153
116 155
116 156
116 157
116 158
116 159
116 160
116 163
116 165
116 167
116 169
116 171
116 172
116 173
116 177
116 178
116 180
116 182
116 185
116 186
116 187
116 191
116 192
116 194
116 200
117 121
117 122
117 123
117 125
117 126
117 127
117 128
117 130
117 133
117 135
117 136
117 137
117 138
117 139
117 144
117 145
117 147
117 148
117 149
117 150
117 154
117 156
117 159
117 160
117 163
117 165
117 166
117 167
117 171
117 172
117 173
117 175
117 176
117 179
117 180
117 181
117 182
117 183
117 185
117 186
117 187
117 188
117 190
117 191
117 192
117 193
117 194
117 195
117 196
117 198
118 119
118 121
118 122
118 123
118 125
118 127
118 128
118 129
118 130
118 131
118 132
118 134
118 135
118 137
118 138
118 140
118 142
118 144
118 152
118 155
118 161
118 162
118 165
118 166
118 168
118 170
118 171
118 173
118 174
118 177
118 179
118 184
118 186
118 189
118 194
118 195
118 197
118 200
119 120
119 122
119 123
119 124
119 127
119 130
119 131
119 133
119 134
119 136
119 139
119 141
119 145
119 149
119 151
119 156
119 157
119 159
119 161
119 162
119 163
119 166
119 168
119 170
119 173
119 174
119 175
119 176
119 177
119 178
119 179
119 185
119 188
119 189
119 192
119 195
119 196
119 197
119 199
120 121
120 124
120 125
120 126
120 128
120 129
120 130
120 131
120 133
120 134
120 135
120 137
120 139
120 140
120 141
120 144
120 146
120 148
120 149
120 150
120 153
120 161
120 164
120 165
120 166
120 168
120 169
120 170
120 172
120 174
120 175
120 176
120 179
120 180
120 181
120 187
120 188
120 189
120 190
120 191
120 193
120 194
120 198
120 199
121 122
121 123
121 127
121 128
121 132
121 133
121 134
121 137
121 138
121 140
121 144
121 145
121 147
121 149
121 153
121 158
121 159
121 161
121 163
121 166
121 167
121 170
121 171
121 172
121 173
121 175
121 176
121 179
121 180
121 181
121 182
121 183
121 184
121 185
121 186
121 188
121 190
121 194
121 196
121 197
121 199
121 200
122 124
122 125
122 127
122 130
122 131
122 132
122 133
122 134
122 136
122 137
122 139
122 140
122 144
122 148
122 150
122 151
122 153
122 154
122 157
122 158
122 159
122 160
122 162
122 163
122 166
122 170
122 171
122 172
122 173
122 174
122 175
122 177
122 178
122 180
122 182
122 183
122 185
122 188
122 189
122 190
122 192
122 195
122 197
122 198
122 199
122 200
123 124
123 125
123 126
123 127
123 128
123 129
123 130
123 132
123 134
123 138
123 139
123 140
123 141
123 143
123 144
123 145
123 151
123 152
123 156
123 157
123 158
123 159
123 160
123 161
123 162
123 165
123 167
123 169
123 170
123 174
123 175
123 185
123 186
123 188
123 191
123 192
123 193
123 194
123 196
123 199
123 200
124 126
124 127
124 128
124 130
124 135
124 137
124 138
124 142
124 144
124 145
124 146
124 147
124 150
124 151
124 153
124 154
124 156
124 158
124 160
124 161
124 162
124 164
124 165
124 168
124 169
124 171
124 172
124 173
124 174
124 175
124 178
124 181
124 184
124 188
124 189
124 192
124 194
124 196
124 198
124 199
124 200
125 126
125 128
125 129
125 130
125 131
125 133
125 137
125 139
125 141
125 142
125 143
125 146
125 147
125 148
125 149
125 150
125 151
125 154
125 157
125 158
125 160
125 162
125 163
125 164
125 169
125 172
125 174
125 175
125 176
125 177
125 179
125 181
125 186
125 187
125 189
125 190
125 191
125 193
125 195
125 199
126 127
126 128
126 129
126 133
126 137
126 138
126 148
126 150
126 153
126 156
126 158
126 159
126 161
126 163
126 165
126 168
126 172
126 173
126 175
126 176
126 177
126 178
126 179
126 181
126 186
126 187
126 190
126 192
126 193
126 194
126 196
126 197
126 198
126 199
126 200
127 128
127 131
127 135
127 136
127 138
127 141
127 143
127 145
127 147
127 148
127 149
127 150
127 152
127 153
127 155
127 156
127 157
127 162
127 164
127 167
127 168
127 169
127 177
127 179
127 181
127 188
127 189
127 190
127 191
127 192
127 193
127 194
127 195
127 196
127 197
128 129
128 130
128 132
128 134
128 135
128 136
128 139
128 140
128 146
128 147
128 148
128 149
128 151
128 156
128 158
128 160
128 163
128 164
128 167
128 169
128 174
128 176
128 180
128 182
128 183
128 184
128 185
128 188
128 191
128 192
128 193
128 194
128 197
128 198
128 199
128 200
129 130
129 131
129 134
129 135
129 136
129 138
129 139
129 141
129 147
129 150
129 151
129 152
129 153
129 157
129 160
129 161
129 163
129 164
129 166
129 169
129 171
129 173
129 174
129 179
129 181
129 182
129 185
129 186
129 187
129 189
129 190
129 192
129 195
129 196
129 197
129 199
129 200
130 132
130 134
130 135
130 140
130 141
130 143
130 144
130 146
130 147
130 148
130 149
130 150
130 151
130 153
130 157
130 159
130 160
130 162
130 163
130 167
130 169
130 172
130 173
130 175
130 177
130 178
130 180
130 182
130 183
130 186
130 188
130 189
130 190
130 192
130 193
130 197
130 198
130 199
130 200
131 134
131 139
131 140
131 141
131 142
131 144
131 146
131 148
131 150
131 151
131 152
131 153
131 157
131 158
131 159
131 162
131 163
131 164
131 165
131 166
131 167
131 168
131 170
131 171
131 173
131 176
131 180
131 181
131 182
131 186
131 194
131 196
131 197
131 199
131 200
132 134
132 137
132 138
132 139
132 141
132 143
132 146
132 148
132 149
132 151
132 153
132 154
132 155
132 156
132 158
132 160
132 161
132 163
132 166
132 169
132 170
132 174
132 178
132 179
132 182
132 184
132 185
132 187
132 188
132 189
132 190
132 194
132 196
132 198
133 136
133 137
133 139
133 140
133 141
133 142
133 144
133 145
133 147
133 148
133 153
133 154
133 155
133 158
133 159
133 161
133 165
133 166
133 168
133 169
133 170
133 171
133 172
133 174
133 176
133 177
133 179
133 182
133 183
133 184
133 185
133 186
133 187
133 188
133 189
133 190
133 191
133 198
134 137
134 138
134 139
134 143
134 144
134 145
134 146
134 150
134 151
134 153
134 154
134 155
134 159
134 160
134 161
134 164
134 165
134 167
134 169
134 170
134 173
134 174
134 175
134 183
134 184
134 185
134 186
134 187
134 188
134 189
134 190
134 191
134 192
134 194
134 195
134 197
134 199
134 200
135 136
135 137
135 140
135 142
135 143
135 145
135 146
135 148
135 149
135 151
135 154
135 162
135 164
135 166
135 168
135 170
135 171
135 173
135 174
135 176
135 182
135 184
135 188
135 189
135 190
135 192
135 193
135 196
135 197
136 138
136 139
136 143
136 144
136 145
136 148
136 152
136 153
136 154
136 155
136 159
136 170
136 172
136 173
136 175
136 180
136 181
136 182
136 183
136 188
136 190
136 191
136 192
136 193
136 194
136 196
136 197
136 199
136 200
137 140
137 141
137 143
137 144
137 146
137 147
137 149
137 153
137 155
137 156
137 159
137 160
137 161
137 162
137 163
137 167
137 170
137 172
137 176
137 177
137 180
137 182
137 183
137 186
137 187
137 192
137 193
137 195
137 196
137 198
137 199
138 141
138 143
138 144
138 145
138 147
138 148
138 149
138 151
138 152
138 154
138 155
138 156
138 157
138 158
138 160
138 161
138 165
138 166
138 167
138 169
138 171
138 173
138 174
138 176
138 177
138 178
138 179
138 180
138 182
138 187
138 189
138 190
138 191
138 192
138 198
138 199
138 200
139 140
139 142
139 145
139 146
139 147
139 148
139 150
139 151
139 152
139 153
139 157
139 158
139 159
139 162
139 164
139 165
139 166
139 168
139 173
139 176
139 189
139 191
139 192
139 194
139 196
139 197
139 198
140 144
140 145
140 153
140 157
140 158
140 161
140 163
140 165
140 166
140 169
140 172
140 175
140 176
140 178
140 182
140 186
140 191
140 193
140 196
140 200
141 142
141 143
141 144
141 146
141 147
141 150
141 154
141 157
141 162
141 165
141 167
141 168
141 169
141 170
141 172
141 175
141 177
141 178
141 181
141 182
141 183
141 186
141 189
141 190
141 191
141 193
141 196
141 197
141 198
142 143
142 148
142 151
142 156
142 158
142 159
142 161
142 162
142 164
142 165
142 168
142 170
142 171
142 172
142 174
142 175
142 177
142 178
142 180
142 185
142 187
142 188
142 191
142 193
142 194
142 195
142 196
142 197
142 198
142 199
142 200
143 144
143 145
143 147
143 148
143 150
143 152
143 153
143 155
143 156
143 157
143 158
143 160
143 162
143 164
143 165
143 167
143 168
143 169
143 170
143 171
143 173
143 174
143 175
143 177
143 179
143 184
143 186
143 187
143 189
143 190
143 192
143 193
143 194
143 196
143 199
144 145
144 149
144 150
144 151
144 152
144 153
144 154
144 155
144 156
144 158
144 161
144 164
144 165
144 166
144 167
144 168
144 170
144 171
144 172
144 177
144 180
144 182
144 184
144 185
144 188
144 192
144 193
144 195
144 198
145 148
145 149
145 154
145 155
145 156
145 159
145 160
145 161
145 162
145 164
145 165
145 166
145 169
145 171
145 174
145 180
145 183
145 184
145 185
145 186
145 188
145 191
145 192
145 197
145 198
145 199
145 200
146 147
146 148
146 149
146 151
146 152
146 153
146 154
146 155
146 156
146 157
146 159
146 161
146 162
146 163
146 166
146 167
146 170
146 171
146 172
146 174
146 175
146 178
146 179
146 181
146 182
146 183
146 184
146 191
146 193
146 195
146 198
146 199
146 200
147 149
147 151
147 152
147 153
147 154
147 158
147 163
147 164
147 167
147 169
147 171
147 174
147 175
147 178
147 179
147 180
147 182
147 183
147 185
147 187
147 188
147 189
147 191
147 192
147 194
147 195
147 197
147 198
147 200
148 151
148 153
148 154
148 155
148 156
148 157
148 159
148 161
148 162
148 163
148 168
148 170
148 172
148 173
148 174
148 180
148 182
148 184
148 187
148 188
148 190
148 193
148 194
148 198
149 150
149 151
149 153
149 155
149 159
149 160
149 162
149 167
149 169
149 171
149 172
149 176
149 182
149 184
149 187
149 188
149 189
149 192
149 193
149 196
149 198
149 200
150 152
150 156
150 157
150 158
150 159
150 161
150 163
150 166
150 167
150 168
150 169
150 170
150 171
150 173
150 174
150 176
150 178
150 179
150 180
150 184
150 189
150 190
150 191
150 193
150 197
150 198
150 199
151 155
151 157
151 159
151 161
151 162
151 163
151 165
151 166
151 167
151 168
151 169
151 171
151 172
151 175
151 177
151 179
151 181
151 184
151 188
151 190
151 193
151 195
151 196
151 200
152 155
152 156
152 158
152 160
152 161
152 162
152 164
152 170
152 171
152 173
152 174
152 178
152 181
152 182
152 186
152 187
152 190
152 191
152 192
152 195
152 196
152 197
152 198
152 200
153 159
153 161
153 162
153 163
153 164
153 165
153 166
153 167
153 168
153 169
153 171
153 174
153 176
153 177
153 178
153 180
153 182
153 185
153 188
153 191
153 194
153 196
153 199
153 200
154 155
154 157
154 158
154 159
154 160
154 162
154 163
154 168
154 170
154 171
154 174
154 177
154 178
154 179
154 180
154 181
154 183
154 185
154 189
154 190
154 193
154 194
154 200
155 157
155 160
155 163
155 170
155 172
155 173
155 175
155 180
155 181
155 186
155 187
155 189
155 192
155 193
155 195
155 198
155 199
156 157
156 159
156 164
156 166
156 169
156 170
156 171
156 177
156 178
156 179
156 181
156 183
156 188
156 189
156 190
156 193
156 196
156 198
156 199
157 158
157 159
157 161
157 162
157 164
157 166
157 170
157 174
157 175
157 176
157 178
157 180
157 182
157 185
157 187
157 189
157 191
157 193
157 194
157 196
157 197
157 198
157 199
158 159
158 162
158 164
158 168
158 171
158 173
158 175
158 176
158 179
158 181
158 184
158 185
158 188
158 189
158 190
158 192
158 194
158 195
158 198
159 163
159 169
159 170
159 171
159 172
159 173
159 176
159 177
159 180
159 182
159 184
159 187
159 189
159 191
159 193
159 195
159 196
159 199
160 161
160 163
160 166
160 167
160 171
160 172
160 175
160 178
160 180
160 181
160 182
160 184
160 185
160 186
160 191
160 193
160 196
160 197
160 199
160 200
161 162
161 163
161 167
161 169
161 170
161 171
161 173
161 176
161 178
161 179
161 183
161 184
161 186
161 187
161 190
161 191
161 192
161 196
161 199
161 200
162 163
162 164
162 166
162 167
162 169
162 171
162 172
162 176
162 183
162 185
162 188
162 189
162 192
162 193
162 195
162 198
162 200
163 164
163 165
163 168
163 170
163 171
163 173
163 174
163 175
163 179
163 180
163 181
163 182
163 184
163 188
163 189
163 190
163 193
163 195
163 198
163 199
164 165
164 167
164 172
164 173
164 174
164 176
164 177
164 180
164 183
164 184
164 186
164 187
164 193
164 196
164 199
165 166
165 170
165 177
165 179
165 181
165 186
165 188
165 189
165 190
165 196
165 198
165 200
166 167
166 168
166 171
166 172
166 176
166 180
166 182
166 183
166 186
166 188
166 189
166 194
166 196
166 197
166 198
166 199
167 168
167 169
167 171
167 173
167 174
167 175
167 178
167 179
167 180
167 181
167 182
167 189
167 190
167 191
167 192
167 196
167 197
167 199
167 200
168 169
168 170
168 173
168 174
168 176
168 179
168 181
168 182
168 184
168 185
168 189
168 190
168 191
168 193
168 195
168 197
168 198
169 170
169 171
169 173
169 175
169 178
169 179
169 182
169 183
169 185
169 187
169 188
169 190
169 191
169 192
169 193
169 194
169 196
169 198
169 199
169 200
170 171
170 172
170 173
170 174
170 175
170 176
170 178
170 180
170 181
170 182
170 187
170 189
170 193
170 195
170 197
171 172
171 174
171 175
171 177
171 181
171 182
171 184
171 185
171 187
171 190
171 193
171 195
171 197
171 199
171 200
172 174
172 176
172 177
172 178
172 179
172 180
172 181
172 182
172 184
172 185
172 186
172 188
172 190
172 191
172 192
172 193
172 194
172 197
172 198
172 199
172 200
173 176
173 177
173 179
173 180
173 183
173 184
173 186
173 187
173 188
173 189
173 190
173 193
173 195
173 198
173 199
173 200
174 179
174 185
174 186
174 189
174 190
174 195
174 197
174 198
174 199
175 176
175 182
175 184
175 185
175 187
175 190
175 193
175 194
175 195
175 196
175 198
175 199
175 200
176 181
176 182
176 186
176 188
176 189
176 192
176 193
176 194
176 195
176 199
176 200
177 181
177 183
177 184
177 186
177 187
177 189
177 191
177 193
177 195
177 196
177 197
177 198
177 199
178 179
178 180
178 181
178 182
178 183
178 186
178 191
178 192
178 193
178 195
178 196
178 198
179 186
179 188
179 189
179 198
179 199
180 185
180 186
180 187
180 190
180 192
180 194
180 195
180 197
180 198
180 199
180 200
181 182
181 186
181 189
181 191
181 192
181 193
181 194
181 195
181 197
181 199
181 200
182 184
182 185
182 186
182 189
182 191
182 193
182 196
182 197
182 198
182 199
182 200
183 184
183 188
183 189
183 192
183 194
183 195
183 196
183 197
183 198
183 200
184 185
184 189
184 190
184 191
184 194
184 197
184 199
184 200
185 187
185 191
185 192
185 194
185 199
185 200
186 187
186 188
186 189
186 190
186 191
186 192
186 193
186 194
186 195
186 200
187 188
187 189
187 193
187 198
187 199
187 200
188 189
188 192
188 194
188 198
188 199
189 190
189 191
189 193
189 194
189 199
189 200
190 192
190 193
190 194
190 195
190 197
190 198
191 192
191 194
191 195
191 196
191 197
191 198
192 193
192 194
192 195
192 196
192 197
192 198
192 199
192 200
193 197
193 199
194 196
194 200
195 196
195 197
196 198
197 199
199 200
